1	Abl Christian	0.844	0.796	0.777	0.764	0.894	0.941
2	Memphis	0.850	0.938	0.941	0.778	0.910	0.860
3	Houston	0.858	0.892	0.844	0.810	0.911	0.903
4	Loyola-Chi	0.864	0.972	1.004	0.834	0.884	0.932
5	Jackson St	0.868	0.924	1.038	0.731	0.936	0.949
6	UAB	0.872	0.975	0.967	0.823	0.936	0.965
7	Utah State	0.882	0.918	0.952	0.847	0.906	0.921
8	St Peters	0.884	0.935	0.937	0.819	0.935	0.906
9	Prairie View	0.891	0.941	1.085	0.821	0.936	0.923
10	LA Tech	0.895	0.883	0.845	0.887	0.905	0.927
11	Gonzaga	0.896	0.858	0.742	0.856	0.928	0.916
12	VCU	0.900	0.937	1.057	0.864	0.941	0.919
13	Tennessee	0.901	0.963	1.049	0.876	0.937	0.938
14	San Diego St	0.901	1.018	1.253	0.885	0.919	0.887
15	Alabama	0.902	0.923	0.790	0.884	0.914	1.000
16	Winthrop	0.904	0.918	1.103	0.884	0.923	0.968
17	UC Irvine	0.908	0.952	1.218	0.826	0.951	0.938
18	Texas Tech	0.911	1.036	0.776	0.830	1.006	0.897
19	North Texas	0.912	0.867	1.009	0.858	0.946	0.967
20	Wright State	0.912	1.058	1.050	0.923	0.900	0.942
21	Baylor	0.913	0.921	0.701	0.879	0.940	0.877
22	Mississippi	0.914	0.986	0.970	0.858	0.969	0.965
23	St Bonavent	0.914	0.957	1.118	0.878	0.941	0.986
24	Arkansas	0.915	0.899	0.856	0.850	1.004	0.942
25	Vermont	0.920	1.043	1.141	0.932	0.902	0.886
26	Marist	0.920	0.874	0.955	0.939	0.908	0.962
27	Grd Canyon	0.921	0.955	1.317	0.905	0.936	1.051
28	UC Riverside	0.922	0.947	1.131	0.948	0.905	0.947
29	USC	0.925	1.030	0.954	0.894	0.958	0.914
30	Iona	0.926	0.915	0.976	0.969	0.902	1.000
31	UCSB	0.927	0.928	0.997	0.851	0.967	0.998
32	Alab A&M	0.927	0.976	1.109	0.855	0.994	1.005
33	Colorado St	0.928	0.976	1.031	0.885	0.958	1.003
34	Siena	0.928	0.934	0.833	0.910	0.945	0.978
35	TX Southern	0.931	0.935	1.125	0.871	0.967	1.002
36	Clemson	0.932	0.997	0.919	0.902	0.961	0.935
37	Illinois	0.932	0.938	0.722	0.878	0.974	0.947
38	Maryland BC	0.932	1.040	1.152	0.991	0.885	1.002
39	Saint Louis	0.933	1.028	0.999	0.887	1.004	0.919
40	Quinnipiac	0.933	0.909	1.003	0.900	0.981	1.009
41	Colorado	0.934	1.069	0.973	0.887	0.964	0.918
42	Wash State	0.934	0.986	0.871	0.875	1.023	0.952
43	NC-Grnsboro	0.935	0.937	0.937	0.891	0.955	0.910
44	Coastal Car	0.935	0.892	0.802	0.930	0.940	1.023
45	Hartford	0.936	0.925	1.007	0.908	0.958	0.949
46	St Marys	0.936	0.997	1.089	0.883	0.988	0.989
47	Southern	0.937	0.961	0.956	0.852	0.985	0.966
48	Colgate	0.937	1.034	1.070	0.946	0.927	0.977
49	Portland St	0.939	1.059	1.028	0.942	0.936	1.036
50	Kansas	0.939	0.982	1.097	0.891	0.986	0.875
51	Morehead St	0.940	1.073	1.269	0.885	0.974	1.010
52	Manhattan	0.940	0.974	0.841	0.959	0.922	0.935
53	S Methodist	0.940	0.974	1.205	0.898	0.979	0.998
54	Texas State	0.940	0.911	1.028	0.939	0.941	0.943
55	Michigan	0.941	1.001	0.905	0.898	0.997	0.954
56	Connecticut	0.942	0.913	1.074	0.956	0.931	0.917
57	Florida A&M	0.944	0.949	0.974	0.813	0.987	0.992
58	Mt St Marys	0.945	0.942	0.971	0.899	0.973	1.003
59	Morgan St	0.946	0.883	0.941	0.953	0.942	0.978
60	Grambling St	0.947	0.995	1.108	0.973	0.930	0.973
61	Wisconsin	0.947	0.994	0.909	0.909	0.991	0.945
62	Liberty	0.947	1.015	0.926	0.882	0.984	0.883
63	Belmont	0.948	1.038	1.279	0.891	0.989	0.929
64	Boise State	0.948	1.130	1.191	0.903	0.980	0.972
65	Ste F Austin	0.949	0.853	0.775	0.933	0.961	0.895
66	Texas	0.949	0.968	0.791	0.963	0.935	0.932
67	TX-Pan Am	0.949	1.027	1.113	0.850	1.035	1.010
68	N Carolina	0.951	1.055	1.246	0.914	0.974	0.997
69	Oklahoma St	0.951	0.981	0.806	0.937	0.962	0.947
70	Creighton	0.951	0.969	0.981	0.945	0.958	0.983
71	W Kentucky	0.952	0.951	1.058	0.924	0.976	0.999
72	BYU	0.952	1.080	1.195	0.928	0.974	0.961
73	Stony Brook	0.953	0.851	0.904	0.922	0.973	0.927
74	Merrimack	0.953	0.966	0.946	0.978	0.927	0.932
75	Norfolk St	0.954	0.977	1.323	0.972	0.943	0.927
76	VA Tech	0.955	0.940	1.043	0.909	1.007	0.964
77	Buffalo	0.955	1.048	1.059	0.934	0.970	0.986
78	Miss State	0.955	1.071	0.918	0.918	0.992	0.987
79	Idaho State	0.956	1.006	1.009	0.877	0.992	1.079
80	Monmouth	0.956	0.970	1.106	0.910	0.996	0.955
81	Tulane	0.956	1.114	1.276	0.941	0.974	0.993
82	E Kentucky	0.957	0.994	0.949	0.951	0.960	1.004
83	Drake	0.957	1.077	1.227	0.911	0.995	0.988
84	LIU	0.959	0.995	0.898	0.936	0.984	1.012
85	Florida St	0.960	0.944	0.790	0.937	0.991	0.915
86	Navy	0.961	0.976	1.202	0.960	0.961	0.988
87	Stanford	0.961	1.140	1.145	1.004	0.941	0.886
88	Tulsa	0.962	1.038	1.088	0.931	0.989	0.914
89	Duquesne	0.962	0.970	1.068	0.896	1.003	0.950
90	Geo Mason	0.963	1.008	1.370	0.857	1.059	0.976
91	Nicholls St	0.964	0.999	1.094	0.920	0.986	0.956
92	E Carolina	0.964	1.036	1.062	0.969	0.953	0.999
93	Bryant	0.964	0.926	1.029	0.910	1.012	0.962
94	Wichita St	0.964	0.894	0.814	0.962	0.965	0.875
95	Alabama St	0.964	1.069	1.155	0.899	1.029	0.992
96	Fla Gulf Cst	0.965	1.012	1.198	0.935	1.003	0.974
97	Murray St	0.965	1.096	0.950	0.926	0.998	0.926
98	Rutgers	0.965	0.960	0.858	0.942	0.991	0.905
99	Florida	0.965	1.007	0.974	0.918	0.993	0.965
100	Elon	0.966	0.947	1.024	0.936	0.978	1.059
101	U Mass	0.968	1.075	1.188	0.966	0.970	1.001
102	S Mississippi	0.969	0.933	0.868	0.945	0.991	1.032
103	Marshall	0.970	0.969	1.025	0.962	0.980	0.960
104	Rhode Island	0.970	1.207	1.276	0.896	1.012	0.935
105	Oklahoma	0.970	1.014	1.007	0.894	1.050	0.947
106	Virginia	0.970	1.037	0.997	0.913	1.017	0.841
107	Fla Atlantic	0.970	0.936	1.041	0.807	1.031	0.974
108	Arizona	0.972	1.023	1.236	0.932	1.033	0.905
109	Missouri St	0.972	0.994	1.094	0.969	0.974	0.970
110	Albany	0.972	1.003	1.176	0.955	0.994	0.980
111	Kentucky	0.972	0.961	1.094	0.977	0.968	0.936
112	Santa Clara	0.973	1.102	1.051	0.896	1.028	0.980
113	Sam Hous St	0.973	0.893	1.052	0.868	1.037	0.980
114	CS Bakersfld	0.974	1.036	0.899	0.983	0.968	1.007
115	San Fransco	0.974	0.993	1.173	0.991	0.966	0.980
116	Indiana St	0.974	0.974	1.114	0.963	0.984	0.995
117	Northeastrn	0.974	0.989	1.136	0.890	1.015	0.993
118	Loyola-MD	0.975	1.100	1.239	0.919	1.016	1.037
119	Radford	0.975	1.091	1.217	1.001	0.953	1.014
120	N Hampshire	0.975	1.017	1.130	1.012	0.929	0.957
121	Maine	0.976	0.945	1.209	0.957	0.980	1.010
122	Oregon	0.977	1.070	1.153	0.913	1.043	0.961
123	Canisius	0.977	1.051	1.112	0.892	1.012	0.985
124	App State	0.977	0.843	0.778	0.959	0.987	0.974
125	Niagara	0.977	1.010	1.067	1.005	0.959	1.058
126	Delaware	0.977	0.940	1.149	0.927	1.042	1.016
127	Xavier	0.977	1.032	1.102	0.955	1.014	0.939
128	Nevada	0.978	1.102	1.052	0.936	1.010	0.988
129	Purdue	0.978	1.075	1.141	0.946	1.001	0.922
130	N Mex State	0.978	0.970	1.158	0.973	0.980	0.932
131	E Washingtn	0.978	0.919	1.214	0.964	0.986	0.978
132	Maryland	0.979	0.986	0.920	0.983	0.974	0.934
133	Weber State	0.979	0.988	1.073	0.949	0.999	1.060
134	Coppin State	0.979	0.907	1.027	0.935	1.006	0.970
135	E Tenn St	0.980	1.029	1.199	1.016	0.952	0.945
136	Loyola Mymt	0.980	1.073	0.891	0.955	1.007	1.035
137	Old Dominion	0.981	0.960	1.021	0.971	0.988	0.945
138	Villanova	0.982	0.967	0.952	0.929	1.017	0.953
139	Syracuse	0.982	1.059	0.996	0.897	1.085	0.980
140	Temple	0.982	0.958	0.975	0.978	0.987	0.927
141	Dayton	0.983	1.055	1.114	0.946	1.013	0.922
142	James Mad	0.983	1.056	0.986	0.993	0.966	1.064
143	Furman	0.984	1.082	1.161	0.891	1.049	0.946
144	DePaul	0.984	1.041	1.266	0.948	1.024	0.966
145	Indiana	0.984	0.980	0.943	0.988	0.982	0.949
146	Army	0.985	0.972	1.040	1.015	0.962	1.023
147	TX El Paso	0.985	0.994	1.047	0.942	1.019	0.947
148	LA Lafayette	0.986	0.999	1.077	0.936	1.029	1.034
149	UC Davis	0.987	0.976	1.060	1.011	0.973	1.048
150	Wagner	0.987	0.966	0.989	0.972	1.001	1.080
151	W Virginia	0.988	1.030	1.012	0.992	0.985	0.880
152	GA Southern	0.988	0.962	0.917	0.957	1.010	0.962
153	Cincinnati	0.989	1.016	1.354	1.001	0.980	0.923
154	Valparaiso	0.989	0.888	0.922	0.973	1.000	0.996
155	Georgetown	0.989	0.963	1.280	0.949	1.031	1.009
156	Louisville	0.989	1.060	1.056	0.947	1.039	0.927
157	Seton Hall	0.990	0.991	0.984	0.932	1.029	0.937
158	Jksnville St	0.991	0.975	1.007	1.009	0.978	0.989
159	Missouri	0.991	0.978	1.067	0.976	1.004	0.945
160	Richmond	0.991	0.954	0.984	1.038	0.957	0.943
161	Minnesota	0.991	0.869	0.973	0.925	1.093	0.949
162	GA Tech	0.992	1.056	1.188	0.978	1.009	0.919
163	AR Lit Rock	0.992	0.906	1.009	0.958	1.014	0.975
164	Central FL	0.992	0.899	0.937	0.938	1.025	0.959
165	Longwood	0.992	1.067	1.210	0.974	1.006	0.982
166	Fairfield	0.992	0.871	0.926	0.995	0.990	0.949
167	Providence	0.994	0.962	0.965	0.933	1.040	0.928
168	Marquette	0.994	0.929	0.955	0.968	1.021	0.971
169	UMKC	0.994	1.152	1.092	0.911	1.050	0.996
170	Seattle	0.994	1.054	1.178	0.986	0.998	0.998
171	Chattanooga	0.994	1.004	0.908	1.023	0.974	1.002
172	N Dakota St	0.994	1.039	1.020	0.985	0.999	0.978
173	Texas A&M	0.996	1.107	1.152	0.936	1.072	0.964
174	TN State	0.996	1.091	1.128	0.986	1.005	0.988
175	Presbyterian	0.996	0.972	1.023	0.956	1.032	1.082
176	Northwestern	0.996	0.894	0.723	0.969	1.026	1.020
177	Montana	0.996	1.015	1.111	1.041	0.978	0.964
178	Charlotte	0.996	1.039	0.997	0.954	1.039	0.948
179	SE Missouri	0.996	1.027	0.959	0.986	1.007	1.064
180	NC-Asheville	0.997	1.051	1.116	0.942	1.055	1.051
181	Iowa	0.997	1.031	1.133	0.967	1.031	1.003
182	Toledo	0.997	1.117	1.133	0.929	1.048	1.002
183	NC State	0.997	1.110	1.001	0.931	1.053	0.959
184	Gard-Webb	0.997	0.937	1.086	1.018	0.983	1.011
185	Davidson	0.998	1.057	1.230	0.996	1.000	0.987
186	LA Monroe	0.998	1.011	1.128	0.983	1.014	1.017
187	N Alabama	0.999	1.011	1.176	0.975	1.015	0.984
188	Utah	0.999	1.027	1.091	0.927	1.076	0.998
189	NC A&T	0.999	0.838	0.737	0.972	1.015	0.942
190	Kent State	0.999	1.046	1.207	0.968	1.025	0.981
191	Georgia St	1.000	0.985	1.086	0.962	1.022	0.976
192	NJIT	1.000	1.097	1.101	0.949	1.035	1.004
193	St Johns	1.000	0.955	0.967	0.982	1.020	0.940
194	Duke	1.000	0.925	0.844	1.015	0.983	0.898
195	Hawaii	1.001	1.008	0.946	0.966	1.039	0.966
196	Nebraska	1.001	1.119	0.980	0.960	1.049	1.030
197	Ohio	1.001	0.971	0.932	0.983	1.016	0.993
198	TX-Arlington	1.002	1.008	1.087	0.932	1.052	0.971
199	Drexel	1.002	1.033	1.150	0.905	1.035	1.023
200	Pittsburgh	1.002	1.069	1.105	0.999	1.006	0.966
201	Jacksonville	1.002	1.147	1.091	0.955	1.040	0.959
202	Pacific	1.002	0.987	1.133	0.932	1.063	0.961
203	Bradley	1.003	1.116	1.171	1.041	0.971	0.958
204	UCLA	1.004	1.072	1.015	0.935	1.053	0.992
205	New Orleans	1.004	0.938	1.052	0.976	1.022	1.095
206	Mercer	1.004	0.949	0.982	0.995	1.010	0.995
207	Middle Tenn	1.004	1.058	1.195	0.978	1.025	1.058
208	N Colorado	1.004	1.089	1.145	1.013	0.998	0.953
209	Troy	1.004	1.071	1.148	0.923	1.044	1.034
210	S Utah	1.005	0.985	0.989	0.997	1.011	0.939
211	Mass Lowell	1.006	1.018	0.927	0.945	1.032	1.052
212	Akron	1.006	1.027	1.071	0.963	1.033	0.937
213	Lamar	1.007	1.024	1.294	0.945	1.041	0.972
214	Michigan St	1.008	1.050	1.186	0.947	1.080	0.910
215	Auburn	1.008	1.025	1.080	1.007	1.009	0.955
216	Cleveland St	1.009	1.063	1.311	1.001	1.014	1.020
217	LSU	1.009	0.987	0.897	0.946	1.066	1.005
218	IL-Chicago	1.009	1.027	1.086	0.943	1.073	0.947
219	High Point	1.009	1.042	1.077	0.959	1.045	1.098
220	S Florida	1.009	1.053	1.067	0.953	1.052	0.933
221	Arkansas St	1.010	0.955	0.978	1.007	1.012	1.045
222	Wofford	1.010	0.984	0.963	1.076	0.953	1.012
223	Fresno St	1.011	0.984	1.093	0.976	1.041	1.028
224	Montana St	1.012	0.932	0.946	1.062	0.991	0.984
225	Georgia	1.012	1.053	1.027	0.956	1.111	1.012
226	Tarleton State	1.013	0.826	0.834	1.054	0.999	--
227	Campbell	1.014	1.027	1.148	0.959	1.056	0.993
228	Penn State	1.015	0.983	1.142	1.017	1.013	0.934
229	Miami (FL)	1.015	1.007	0.985	0.979	1.063	1.015
230	Ohio State	1.015	1.059	0.949	0.959	1.061	0.920
231	Austin Peay	1.016	1.073	1.002	1.000	1.027	1.014
232	Ball State	1.016	1.042	1.091	0.990	1.039	0.895
233	S Alabama	1.017	1.085	1.098	1.036	1.001	1.012
234	Butler	1.017	1.210	1.279	0.952	1.078	0.940
235	NC Central	1.018	1.040	1.186	1.009	1.023	0.961
236	Fordham	1.018	1.028	0.858	1.056	0.981	0.917
237	Bowling Grn	1.018	1.034	1.129	1.022	1.015	1.005
238	St Fran (PA)	1.019	1.026	0.942	1.019	1.018	1.005
239	Vanderbilt	1.020	0.982	1.051	0.999	1.043	1.039
240	Utah Val St	1.020	1.015	1.113	1.004	1.036	0.999
241	S Dakota St	1.020	1.109	1.172	0.954	1.057	0.991
242	Pepperdine	1.020	0.998	0.941	1.028	1.014	1.038
243	Oregon St	1.021	0.983	0.839	1.034	1.006	0.992
244	American	1.021	1.096	1.305	0.999	1.034	0.985
245	Hampton	1.021	0.995	0.974	1.043	1.002	1.123
246	Lipscomb	1.021	0.971	0.953	1.001	1.037	1.020
247	IUPUI	1.022	0.994	1.123	1.020	1.025	1.112
248	S Illinois	1.023	1.039	1.119	0.982	1.061	0.957
249	UNLV	1.023	0.987	1.062	0.981	1.060	0.991
250	TX A&M-CC	1.023	0.964	0.871	1.017	1.027	0.996
251	S Carolina	1.026	1.137	1.098	1.016	1.034	0.933
252	Bellarmine	1.026	1.138	1.116	1.053	1.006	--
253	Samford	1.027	1.128	1.136	1.011	1.038	1.115
254	TX-San Ant	1.027	1.018	1.133	0.992	1.056	1.037
255	Charl South	1.028	0.943	0.926	0.993	1.056	1.044
256	Geo Wshgtn	1.028	1.090	1.065	1.022	1.035	1.014
257	Cal Poly	1.028	1.022	0.868	1.015	1.039	1.059
258	Lg Beach St	1.028	0.985	1.177	0.977	1.060	1.040
259	South Dakota	1.028	1.148	1.127	1.011	1.037	1.048
260	New Mexico	1.029	1.044	1.043	--	1.029	1.018
261	Kennesaw St	1.029	0.967	1.006	1.026	1.031	1.082
262	TX Christian	1.029	1.061	1.057	1.036	1.022	0.957
263	Rice	1.032	0.945	1.146	0.968	1.075	1.040
264	Hofstra	1.033	1.068	1.114	0.983	1.070	0.981
265	NC-Wilmgton	1.033	1.117	0.956	1.083	1.005	1.025
266	E Illinois	1.033	1.111	1.031	1.064	1.007	0.971
267	N Iowa	1.033	0.891	0.843	1.036	1.032	0.956
268	Kansas St	1.034	0.879	1.071	1.030	1.039	0.940
269	Illinois St	1.034	1.005	0.913	0.994	1.063	1.009
270	Oral Roberts	1.034	1.011	0.911	0.993	1.054	1.030
271	Arizona St	1.034	1.113	1.219	0.983	1.092	0.935
272	Dixie State	1.035	0.948	0.947	1.004	1.066	--
273	Alcorn State	1.035	1.002	0.960	0.895	1.111	1.014
274	La Salle	1.036	1.043	1.019	0.981	1.064	0.966
275	WI-Milwkee	1.036	1.014	1.054	1.039	1.034	1.006
276	Wm & Mary	1.036	0.934	0.981	1.067	1.027	1.016
277	California	1.037	0.991	0.935	1.001	1.072	1.016
278	N Kentucky	1.039	1.114	1.107	1.028	1.051	0.939
279	San Diego	1.039	1.092	0.976	1.075	1.019	1.001
280	Miami (OH)	1.040	1.019	1.082	1.051	1.030	1.041
281	Stetson	1.040	1.108	1.218	1.028	1.047	1.022
282	Col Charlestn	1.040	1.065	1.338	1.014	1.107	1.012
283	Lafayette	1.041	1.075	1.197	1.055	1.020	1.005
284	Bucknell	1.043	1.220	1.375	0.972	1.095	1.000
285	VA Military	1.045	1.081	1.132	0.981	1.092	1.041
286	SIU Edward	1.046	0.941	1.124	1.016	1.066	1.040
287	Wyoming	1.046	1.045	1.138	1.010	1.082	1.007
288	Wake Forest	1.048	1.105	1.177	0.995	1.095	1.019
289	SE Louisiana	1.049	0.989	1.075	0.997	1.068	1.048
290	Binghamton	1.050	0.971	1.120	1.067	1.028	1.106
291	Lehigh	1.050	1.034	0.987	1.057	1.045	1.048
292	St Fran (NY)	1.050	1.022	0.936	1.044	1.057	0.996
293	Rider	1.053	1.069	1.207	1.021	1.074	0.945
294	Central Conn	1.053	1.061	1.007	1.034	1.067	1.081
295	Holy Cross	1.054	0.918	1.115	1.017	1.102	1.127
296	Sacred Hrt	1.054	1.167	1.371	0.955	1.120	0.979
297	SC Upstate	1.056	0.924	0.982	1.078	1.036	1.058
298	Florida Intl	1.057	1.117	1.018	1.083	1.031	0.977
299	Cal Baptist	1.058	1.088	1.144	1.009	1.128	1.000
300	Incar Word	1.059	1.109	1.128	1.050	1.066	1.063
301	Detroit	1.060	1.091	1.137	1.043	1.081	1.080
302	Youngs St	1.061	0.945	1.106	1.021	1.098	1.020
303	W Carolina	1.062	1.058	1.257	1.000	1.094	1.029
304	North Dakota	1.062	1.004	1.035	1.071	1.058	1.068
305	CS Fullerton	1.062	1.189	1.200	1.018	1.114	1.006
306	W Michigan	1.063	1.071	1.016	1.054	1.071	1.031
307	Iowa State	1.063	1.048	1.095	1.003	1.122	1.012
308	F Dickinson	1.063	1.047	1.018	1.103	1.034	1.064
309	Neb Omaha	1.064	1.043	1.163	1.084	1.057	1.061
310	S Car State	1.065	0.899	0.934	0.980	1.119	1.050
311	Washington	1.066	1.111	1.217	0.963	1.139	0.921
312	Houston Bap	1.069	1.010	0.880	1.050	1.081	1.172
313	Boston U	1.070	0.956	1.099	1.100	1.045	0.979
314	TN Tech	1.070	1.034	0.894	1.005	1.116	1.040
315	NW State	1.070	1.057	1.131	1.011	1.098	1.017
316	IPFW	1.072	1.095	1.180	1.044	1.096	1.024
317	McNeese St	1.072	1.019	0.962	1.055	1.080	1.065
318	W Illinois	1.074	1.167	1.231	1.020	1.099	1.129
319	Cal St Nrdge	1.076	1.016	1.089	1.076	1.076	1.105
320	WI-Grn Bay	1.076	0.996	1.082	1.047	1.104	1.059
321	Ark Pine Bl	1.077	0.935	1.101	0.978	1.101	0.997
322	UC San Diego	1.079	1.086	1.135	1.061	1.099	--
323	N Florida	1.079	1.090	0.967	1.013	1.106	1.049
324	Towson	1.079	1.051	1.119	1.043	1.109	1.009
325	St Josephs	1.079	1.075	1.338	1.028	1.101	1.088
326	Boston Col	1.081	1.180	1.316	1.057	1.096	0.992
327	Sac State	1.085	1.155	1.344	1.032	1.111	0.938
328	Notre Dame	1.085	1.152	1.392	1.032	1.125	0.969
329	Citadel	1.086	1.069	1.067	1.016	1.151	1.102
330	Evansville	1.087	1.087	0.935	1.010	1.157	1.050
331	Denver	1.087	1.089	1.026	1.066	1.114	1.052
332	Central Mich	1.091	1.152	1.060	1.099	1.085	1.031
333	Oakland	1.094	1.027	1.079	1.084	1.098	0.999
334	Delaware St	1.097	1.083	0.975	1.032	1.143	1.069
335	Central Ark	1.098	1.080	1.151	1.080	1.106	1.052
336	Rob Morris	1.100	1.244	1.288	1.069	1.126	0.980
337	Idaho	1.102	1.062	1.000	1.135	1.075	1.043
338	TN Martin	1.104	1.003	0.960	1.094	1.115	1.173
339	Air Force	1.107	1.154	1.160	1.109	1.104	1.083
340	N Illinois	1.111	1.119	0.993	1.042	1.172	0.959
341	N Arizona	1.117	1.057	0.993	1.120	1.115	1.037
342	Howard	1.126	1.098	0.915	1.047	1.208	1.105
343	San Jose St	1.127	1.149	1.424	1.104	1.143	1.080
344	E Michigan	1.127	1.061	1.001	1.079	1.159	0.949
345	Portland	1.145	1.215	1.317	1.147	1.142	1.025
346	Miss Val St	1.161	1.046	1.159	1.015	1.205	1.114
347	Chicago St	1.221	1.247	1.471	--	1.221	1.184