1	Gonzaga	1.206	1.205	1.323	1.215	1.198	1.180
2	Baylor	1.165	1.014	1.007	1.214	1.126	1.037
3	Iowa	1.161	1.060	1.317	1.214	1.098	1.079
4	Colgate	1.147	1.150	0.856	1.198	1.082	1.078
5	Houston	1.130	1.232	1.311	1.151	1.107	1.051
6	Belmont	1.115	1.062	1.056	1.098	1.127	1.072
7	Toledo	1.113	1.051	0.984	1.151	1.084	1.040
8	Wright State	1.109	1.049	1.028	1.093	1.128	1.056
9	Villanova	1.107	1.003	1.103	1.155	1.074	1.051
10	Illinois	1.105	1.132	1.150	1.102	1.108	1.026
11	LSU	1.104	1.085	1.118	1.122	1.087	1.104
12	Drake	1.103	0.942	0.954	1.172	1.046	0.985
13	Liberty	1.102	1.054	0.806	1.215	1.040	1.083
14	Ohio State	1.102	1.036	0.911	1.109	1.096	1.054
15	Michigan	1.100	1.141	1.125	1.105	1.094	1.049
16	Detroit	1.097	1.241	1.121	1.102	1.089	0.970
17	Ohio	1.097	1.093	0.997	1.126	1.074	1.002
18	Weber State	1.095	0.979	1.006	1.159	1.053	0.949
19	Virginia	1.094	1.086	0.932	1.110	1.081	0.916
20	S Dakota St	1.093	1.216	1.146	1.123	1.076	1.082
21	S Utah	1.091	1.094	0.952	1.120	1.067	0.975
22	Furman	1.091	1.115	1.149	1.137	1.058	1.063
23	Bellarmine	1.090	1.162	1.071	1.079	1.099	--
24	Loyola-Chi	1.088	1.179	1.188	1.121	1.066	1.009
25	Davidson	1.084	1.088	1.001	1.098	1.072	1.064
26	Colorado	1.083	1.184	1.280	1.138	1.047	1.013
27	Florida St	1.080	0.981	0.937	1.142	0.999	1.049
28	Oregon	1.078	1.170	0.984	1.067	1.089	1.093
29	E Washingtn	1.077	1.053	1.097	1.096	1.067	1.029
30	UCLA	1.071	1.134	1.195	1.111	1.043	1.016
31	UCSB	1.071	1.087	0.981	1.078	1.067	1.050
32	Creighton	1.069	0.862	0.997	1.150	0.992	1.090
33	Saint Louis	1.069	0.981	0.918	1.134	0.965	1.008
34	Arkansas	1.069	0.967	1.070	1.095	1.033	1.026
35	Arizona	1.069	1.053	1.066	1.065	1.074	1.058
36	Marshall	1.068	1.030	0.968	1.068	1.068	0.983
37	Boise State	1.067	1.087	1.205	1.099	1.045	1.030
38	San Diego St	1.067	1.027	0.996	1.060	1.074	1.101
39	Duke	1.067	1.069	1.056	1.074	1.057	1.090
40	USC	1.066	1.127	1.227	1.099	1.032	0.973
41	W Virginia	1.065	1.072	1.269	1.077	1.054	0.991
42	Winthrop	1.064	1.105	0.952	1.066	1.063	1.072
43	BYU	1.062	1.008	1.015	1.087	1.040	1.108
44	Wyoming	1.061	1.232	1.089	1.055	1.067	0.894
45	Notre Dame	1.061	1.019	0.813	1.064	1.060	1.048
46	GA Tech	1.061	1.046	1.004	1.078	1.039	0.937
47	Buffalo	1.060	1.003	1.031	1.062	1.059	1.009
48	South Dakota	1.060	1.153	1.070	1.147	1.016	1.077
49	Syracuse	1.060	1.237	1.253	1.054	1.066	1.051
50	Vermont	1.059	1.003	1.044	1.074	1.037	1.048
51	Oral Roberts	1.059	1.046	0.949	1.086	1.046	1.080
52	Akron	1.059	1.018	0.978	1.110	1.028	1.042
53	Cal Baptist	1.055	1.020	0.910	1.103	0.987	1.065
54	Lafayette	1.055	1.071	1.093	1.089	1.005	1.005
55	Richmond	1.052	0.963	1.133	1.079	1.032	1.064
56	Colorado St	1.052	0.976	1.059	1.127	0.998	1.041
57	Texas Tech	1.052	1.017	0.952	1.053	1.051	1.016
58	Bryant	1.051	1.064	0.958	1.048	1.054	0.961
59	VA Military	1.050	1.017	0.915	1.136	0.989	0.982
60	Kent State	1.049	0.935	0.894	1.093	1.012	1.042
61	Bowling Grn	1.049	1.034	1.023	0.977	1.104	1.009
62	St Bonavent	1.048	1.017	0.897	1.129	0.989	1.008
63	Grd Canyon	1.047	1.157	1.133	1.048	1.046	1.019
64	Connecticut	1.047	1.024	0.920	1.104	1.000	0.997
65	Oklahoma	1.047	1.028	1.067	1.082	1.010	0.987
66	Missouri St	1.046	0.994	1.063	1.021	1.072	1.010
67	NC State	1.046	1.130	1.230	1.015	1.071	1.027
68	Drexel	1.045	0.956	0.722	0.985	1.067	0.977
69	Mercer	1.044	0.984	0.868	1.045	1.043	0.989
70	VA Tech	1.043	1.056	0.974	1.072	1.009	0.994
71	Murray St	1.042	0.970	0.908	1.095	0.998	1.039
72	Xavier	1.042	0.963	1.086	1.082	0.975	0.983
73	Purdue	1.041	1.032	1.009	1.081	1.011	1.003
74	N Kentucky	1.041	1.031	0.930	1.055	1.026	1.009
75	Miami (OH)	1.040	0.930	0.922	1.076	1.011	0.989
76	Ste F Austin	1.040	0.925	0.840	1.115	0.980	1.039
77	Georgia St	1.039	1.017	0.991	1.084	1.012	1.015
78	Wofford	1.039	1.108	0.947	1.121	0.968	1.036
79	Youngs St	1.038	1.028	1.055	1.063	1.015	1.009
80	Austin Peay	1.038	0.997	0.959	1.068	1.015	1.058
81	N Mex State	1.036	1.039	0.876	1.087	1.014	1.059
82	Abl Christian	1.036	1.066	0.791	1.093	1.000	0.995
83	Hofstra	1.035	1.002	0.850	1.046	1.027	1.080
84	Texas	1.034	0.992	0.777	1.061	1.009	0.945
85	Wisconsin	1.034	1.089	1.246	1.060	1.004	1.021
86	Jksnville St	1.034	1.014	0.965	1.091	0.995	0.962
87	Utah	1.032	1.178	1.019	1.051	1.012	1.007
88	Gard-Webb	1.031	1.118	0.982	1.139	0.957	1.015
89	Alabama	1.030	1.010	0.976	1.075	0.998	1.038
90	S Methodist	1.030	1.024	1.191	1.068	0.995	1.063
91	Kansas	1.030	1.081	1.214	1.045	1.015	1.067
92	St Johns	1.029	1.026	0.867	1.080	0.976	0.980
93	NC-Wilmgton	1.028	1.015	0.786	1.103	0.985	0.905
94	E Kentucky	1.028	1.016	0.906	1.048	1.016	0.942
95	North Texas	1.027	0.962	1.141	1.086	0.990	1.053
96	WI-Milwkee	1.026	1.049	0.965	1.036	1.020	0.961
97	St Fran (NY)	1.026	1.017	0.836	1.026	1.026	0.942
98	Oregon St	1.026	1.124	1.049	1.046	1.004	1.044
99	Citadel	1.025	1.056	0.960	1.027	1.024	0.934
100	James Mad	1.025	1.042	0.972	1.051	0.979	0.975
101	Navy	1.025	1.005	1.075	1.045	0.999	0.963
102	N Dakota St	1.025	1.064	0.979	1.088	0.999	1.067
103	Sac State	1.024	1.117	1.240	1.083	0.995	0.948
104	Wagner	1.024	0.996	0.899	1.038	1.010	0.950
105	IPFW	1.024	1.049	1.137	1.041	1.008	0.957
106	W Kentucky	1.024	0.961	1.089	1.065	0.987	1.044
107	Nevada	1.023	1.116	0.957	1.047	1.005	1.053
108	Florida	1.023	1.002	1.043	1.032	1.017	1.050
109	N Carolina	1.022	0.972	0.909	1.067	0.994	0.989
110	Campbell	1.022	1.011	0.761	1.020	1.023	0.987
111	Tennessee	1.021	0.930	0.839	1.074	0.942	0.980
112	Maryland	1.019	1.023	1.074	1.077	0.948	1.040
113	Utah State	1.019	0.862	0.776	1.038	1.006	1.058
114	CS Fullerton	1.018	1.116	1.131	1.006	1.033	0.930
115	U Mass	1.018	1.070	0.995	1.010	1.026	0.963
116	Auburn	1.018	1.025	1.186	1.071	0.972	1.059
117	Coastal Car	1.017	0.980	0.764	1.063	0.976	1.016
118	UC Riverside	1.017	0.917	0.885	1.014	1.019	0.956
119	Pittsburgh	1.017	1.029	1.021	1.045	0.976	0.958
120	S Alabama	1.014	1.029	0.945	1.045	0.989	1.029
121	Chattanooga	1.014	0.911	0.764	1.026	1.006	1.035
122	F Dickinson	1.013	1.018	0.930	1.062	0.978	1.007
123	Col Charlestn	1.013	1.076	1.255	1.021	0.993	1.032
124	NC-Grnsboro	1.013	0.986	0.790	0.986	1.025	1.014
125	TX-San Ant	1.013	1.082	0.949	1.084	0.954	0.990
126	Seton Hall	1.012	0.945	0.865	1.024	1.004	1.031
127	Missouri	1.012	0.946	1.007	1.005	1.018	0.973
128	Dayton	1.011	1.035	0.941	1.027	0.998	1.143
129	Vanderbilt	1.011	0.956	0.960	1.028	0.992	0.994
130	Fla Atlantic	1.011	0.978	0.958	1.062	0.993	0.968
131	Evansville	1.011	1.034	0.758	1.049	0.976	0.942
132	Louisville	1.011	0.974	0.844	1.076	0.934	1.079
133	Bucknell	1.011	1.062	0.982	0.962	1.046	0.952
134	UAB	1.010	1.043	0.907	1.043	0.966	0.975
135	Penn State	1.010	1.032	1.127	1.033	0.988	1.029
136	Nicholls St	1.010	0.958	0.623	1.079	0.975	0.985
137	Oklahoma St	1.008	1.038	0.926	1.007	1.009	0.969
138	CS Bakersfld	1.007	1.142	0.868	1.123	0.937	0.951
139	WI-Grn Bay	1.007	1.005	1.021	1.070	0.946	1.033
140	LA Tech	1.007	0.926	0.970	1.080	0.919	1.050
141	Ball State	1.006	1.102	1.067	1.064	0.954	0.977
142	Morgan St	1.006	0.947	0.835	0.983	1.020	0.929
143	Oakland	1.006	1.046	0.930	1.059	0.983	0.959
144	NC-Asheville	1.005	0.963	0.884	1.019	0.990	1.023
145	San Fransco	1.004	1.018	1.106	1.012	1.001	1.047
146	Cleveland St	1.004	0.996	0.844	1.092	0.943	0.897
147	Boston U	1.004	0.961	0.984	0.981	1.022	1.030
148	Loyola Mymt	1.002	0.978	0.806	1.017	0.986	0.959
149	Pepperdine	1.001	1.036	0.883	0.994	1.007	1.028
150	Lipscomb	1.000	0.948	0.795	1.040	0.969	0.983
151	Rice	1.000	0.945	0.942	1.066	0.956	1.007
152	E Tenn St	0.999	0.967	1.012	1.101	0.920	1.082
153	Maryland BC	0.999	1.040	1.123	1.036	0.970	0.949
154	Stetson	0.999	1.144	1.012	1.070	0.951	0.956
155	Iona	0.999	0.925	0.790	1.074	0.958	0.988
156	Wichita St	0.998	0.889	0.799	1.038	0.957	0.986
157	Montana St	0.998	0.936	0.800	1.018	0.989	0.945
158	Arizona St	0.997	0.880	0.978	1.007	0.986	0.980
159	Hawaii	0.997	0.943	0.794	0.973	1.023	0.978
160	Providence	0.996	0.868	0.854	1.036	0.965	1.002
161	Siena	0.996	0.949	0.788	0.972	1.018	1.043
162	Utah Val St	0.995	0.907	0.885	1.066	0.925	0.953
163	LA Lafayette	0.995	0.954	0.936	0.974	1.013	0.981
164	Rob Morris	0.994	1.044	1.133	1.008	0.983	1.003
165	Georgia	0.994	0.911	0.985	1.007	0.972	1.015
166	Sam Hous St	0.994	0.971	1.037	1.066	0.950	0.997
167	Texas State	0.994	0.961	0.987	1.034	0.970	1.026
168	Marquette	0.993	0.901	0.688	1.018	0.967	1.054
169	Loyola-MD	0.991	1.095	1.049	0.975	1.004	1.005
170	Rutgers	0.991	0.926	0.919	1.050	0.927	0.992
171	Bradley	0.990	1.048	1.011	1.075	0.921	1.031
172	VCU	0.990	0.976	0.929	1.015	0.961	0.998
173	W Carolina	0.989	1.107	1.081	0.936	1.018	1.049
174	Miss State	0.989	0.929	0.999	1.029	0.950	1.063
175	Indiana	0.989	0.847	0.773	1.031	0.955	1.016
176	New Orleans	0.989	1.019	1.014	1.085	0.928	0.967
177	Prairie View	0.989	1.032	0.827	1.017	0.970	0.952
178	Morehead St	0.989	1.078	1.012	1.009	0.976	0.946
179	Mississippi	0.989	1.010	0.845	1.010	0.967	0.971
180	Sacred Hrt	0.988	0.980	0.887	0.953	1.011	1.017
181	UNLV	0.987	0.968	0.761	1.008	0.968	1.019
182	Norfolk St	0.986	0.822	0.742	1.048	0.946	0.949
183	Georgetown	0.986	1.011	0.973	0.959	1.014	1.020
184	Michigan St	0.984	0.997	1.103	1.030	0.930	1.067
185	Army	0.983	1.081	0.978	0.997	0.973	0.989
186	Cal St Nrdge	0.983	0.893	0.807	0.970	0.994	1.031
187	Central Mich	0.983	1.111	0.993	0.976	0.988	0.990
188	TX El Paso	0.983	1.013	0.964	1.069	0.917	0.939
189	Geo Mason	0.982	1.089	0.927	0.975	0.989	0.967
190	Minnesota	0.982	0.844	0.924	1.023	0.920	1.019
191	Albany	0.982	1.061	1.091	0.963	1.007	0.939
192	Radford	0.981	0.928	0.936	1.008	0.958	1.059
193	N Florida	0.981	0.994	0.853	1.072	0.944	1.087
194	Arkansas St	0.980	0.920	0.937	1.083	0.902	1.013
195	Monmouth	0.979	0.911	0.840	1.025	0.939	0.964
196	Holy Cross	0.978	1.026	1.278	0.959	1.004	0.932
197	AR Lit Rock	0.978	0.896	0.903	1.005	0.960	1.021
198	Old Dominion	0.978	0.925	0.921	1.043	0.934	0.945
199	McNeese St	0.977	0.898	0.921	1.017	0.958	1.035
200	Clemson	0.977	1.039	0.858	1.036	0.919	0.969
201	Memphis	0.976	1.019	1.114	0.974	0.978	0.954
202	Longwood	0.976	1.013	0.900	1.059	0.910	0.938
203	Kentucky	0.976	1.049	1.079	1.018	0.942	1.054
204	Indiana St	0.976	0.875	0.840	1.003	0.953	1.016
205	App State	0.975	0.884	0.763	1.028	0.946	0.962
206	Delaware	0.975	1.036	1.038	0.998	0.946	1.049
207	Rhode Island	0.975	1.056	1.094	0.952	0.988	0.996
208	N Iowa	0.974	1.005	0.913	1.013	0.950	1.079
209	LIU	0.973	0.960	0.856	0.972	0.974	0.983
210	Towson	0.971	0.952	0.779	1.033	0.921	1.033
211	Mass Lowell	0.971	0.998	0.724	0.938	0.985	1.013
212	Seattle	0.970	0.961	0.684	1.020	0.947	0.998
213	Howard	0.970	0.963	0.975	0.942	0.998	0.920
214	Boston Col	0.970	0.870	0.780	0.987	0.959	0.907
215	TX Southern	0.969	0.988	0.905	0.980	0.963	0.946
216	N Colorado	0.969	1.080	1.045	0.954	0.981	1.079
217	UC Irvine	0.969	0.992	0.972	1.063	0.919	1.022
218	W Illinois	0.969	0.917	0.987	0.947	0.979	0.976
219	Niagara	0.969	0.995	0.975	1.084	0.895	0.961
220	Geo Wshgtn	0.968	0.794	0.861	1.003	0.926	0.943
221	Northwestern	0.967	0.899	0.652	1.006	0.923	0.945
222	UC San Diego	0.967	1.086	1.236	1.070	0.854	--
223	Canisius	0.966	1.014	1.084	0.964	0.967	0.955
224	Montana	0.966	0.931	0.712	1.034	0.938	0.993
225	Pacific	0.966	0.939	1.063	0.982	0.952	1.014
226	TX Christian	0.966	0.861	0.745	0.992	0.939	0.953
227	UC Davis	0.965	0.946	0.821	0.972	0.961	1.018
228	TX-Arlington	0.965	1.031	1.027	0.925	0.994	0.980
229	California	0.964	1.011	0.889	1.005	0.924	0.930
230	North Dakota	0.964	0.963	0.885	1.023	0.938	1.000
231	High Point	0.963	0.825	0.701	0.983	0.949	0.938
232	Stanford	0.963	0.810	0.874	0.991	0.950	0.985
233	Rider	0.961	0.990	0.966	0.942	0.974	0.977
234	Central FL	0.960	0.927	0.830	0.972	0.953	0.973
235	St Marys	0.960	0.894	1.058	1.029	0.893	1.092
236	IUPUI	0.960	0.921	0.962	0.956	0.965	0.956
237	Mt St Marys	0.960	0.957	0.841	1.000	0.936	0.957
238	Hampton	0.960	0.960	0.756	0.967	0.953	1.038
239	UMKC	0.959	0.978	1.028	0.969	0.953	0.960
240	Duquesne	0.959	0.970	0.840	0.940	0.972	1.023
241	SE Missouri	0.959	1.051	0.849	0.983	0.937	0.933
242	S Illinois	0.959	0.930	0.751	0.974	0.944	0.948
243	Northeastrn	0.959	0.936	1.028	0.999	0.939	1.064
244	American	0.958	1.082	0.968	0.974	0.948	1.015
245	Fresno St	0.958	0.946	0.941	0.982	0.938	1.009
246	NW State	0.958	1.057	0.977	0.997	0.939	0.979
247	Hartford	0.958	0.906	0.701	1.056	0.876	0.938
248	E Illinois	0.957	1.092	0.960	1.023	0.901	1.004
249	Wake Forest	0.957	0.968	1.133	0.985	0.931	0.999
250	St Fran (PA)	0.956	0.908	0.850	1.003	0.914	1.068
251	Texas A&M	0.956	0.991	0.992	0.992	0.910	0.934
252	Lg Beach St	0.955	0.981	1.078	0.947	0.960	0.906
253	N Hampshire	0.954	1.042	1.005	0.970	0.932	0.939
254	Elon	0.953	1.006	0.910	0.977	0.944	0.974
255	Illinois St	0.952	0.891	0.843	0.964	0.943	0.942
256	Miami (FL)	0.950	1.031	0.929	0.962	0.935	0.987
257	Wash State	0.950	0.873	0.803	0.955	0.943	0.954
258	Florida Intl	0.950	0.855	0.846	1.005	0.893	1.002
259	Binghamton	0.950	1.020	0.873	0.915	0.995	0.958
260	Tarleton State	0.949	1.022	0.992	0.928	0.957	--
261	Incar Word	0.948	0.913	0.959	0.959	0.939	0.899
262	Charlotte	0.948	0.913	0.858	0.977	0.918	0.971
263	Merrimack	0.947	0.947	0.872	0.989	0.904	0.926
264	N Alabama	0.947	1.098	1.116	0.970	0.931	0.940
265	N Arizona	0.946	0.939	0.903	0.942	0.949	1.005
266	La Salle	0.946	0.946	0.934	1.024	0.906	0.940
267	E Michigan	0.945	1.061	1.016	1.001	0.907	0.890
268	Cincinnati	0.945	0.865	0.803	1.008	0.898	1.000
269	IL-Chicago	0.944	0.909	0.852	0.933	0.955	0.948
270	Tulsa	0.944	0.981	0.989	0.970	0.921	0.977
271	St Josephs	0.943	0.963	0.883	0.977	0.929	0.944
272	Denver	0.943	1.002	0.975	0.998	0.870	0.942
273	NJIT	0.942	0.915	0.956	0.902	0.970	0.926
274	Santa Clara	0.942	1.129	0.943	0.905	0.969	0.997
275	Butler	0.940	0.967	0.823	0.967	0.915	1.037
276	S Carolina	0.940	0.828	0.852	0.964	0.922	0.985
277	Temple	0.940	1.001	0.948	0.936	0.943	0.933
278	Jacksonville	0.939	1.082	1.145	0.992	0.897	0.946
279	Lehigh	0.936	0.948	0.829	0.907	0.956	0.949
280	SC Upstate	0.935	0.914	0.906	0.977	0.897	0.952
281	GA Southern	0.933	0.953	0.858	0.925	0.938	0.996
282	Central Conn	0.933	0.991	1.085	0.944	0.925	0.864
283	Samford	0.933	0.808	0.770	0.948	0.922	0.957
284	Stony Brook	0.932	0.880	0.876	0.921	0.940	0.955
285	Wm & Mary	0.932	0.829	0.732	0.870	0.951	1.025
286	Washington	0.932	1.058	1.180	0.915	0.943	0.979
287	Southern	0.931	0.883	0.889	1.060	0.857	0.968
288	Fla Gulf Cst	0.931	0.927	1.011	0.935	0.925	0.887
289	LA Monroe	0.930	0.904	1.016	0.948	0.912	0.923
290	Central Ark	0.927	1.056	1.020	1.052	0.863	0.944
291	TN Tech	0.927	0.993	1.040	0.951	0.910	0.913
292	Houston Bap	0.924	0.911	0.738	0.967	0.898	1.000
293	E Carolina	0.924	0.908	0.915	0.949	0.871	0.942
294	Presbyterian	0.923	0.893	0.992	0.925	0.922	0.964
295	Grambling St	0.922	0.999	0.931	1.008	0.867	0.937
296	SE Louisiana	0.922	0.907	0.847	1.001	0.893	0.911
297	SIU Edward	0.920	0.894	0.879	0.895	0.937	0.922
298	S Florida	0.920	0.976	1.052	0.895	0.939	0.933
299	Tulane	0.920	0.985	0.862	0.949	0.887	0.957
300	Fairfield	0.920	0.949	0.787	0.943	0.900	0.876
301	Neb Omaha	0.918	1.021	0.983	1.006	0.890	1.005
302	Nebraska	0.918	0.920	0.898	0.982	0.844	0.921
303	Marist	0.918	0.954	0.884	0.954	0.892	0.887
304	NC A&T	0.917	0.955	0.765	0.871	0.945	0.918
305	Idaho State	0.916	0.929	0.895	0.930	0.910	0.979
306	Lamar	0.916	0.972	0.988	0.959	0.892	0.961
307	NC Central	0.916	0.886	0.791	0.994	0.868	0.945
308	Portland St	0.916	0.864	0.881	0.916	0.916	1.048
309	W Michigan	0.914	0.884	1.001	0.959	0.869	0.958
310	Quinnipiac	0.913	0.813	0.669	0.957	0.850	0.993
311	TN Martin	0.912	0.918	1.031	0.981	0.840	1.035
312	Valparaiso	0.912	0.820	0.768	0.912	0.912	0.999
313	Kansas St	0.911	0.977	0.984	0.931	0.883	0.929
314	St Peters	0.909	0.999	0.847	0.910	0.909	0.938
315	Iowa State	0.909	0.867	1.011	0.904	0.913	0.999
316	Portland	0.907	0.943	1.192	0.927	0.883	0.907
317	Jackson St	0.906	1.081	1.001	0.980	0.869	0.917
318	Florida A&M	0.905	0.958	0.949	0.900	0.907	0.912
319	Alcorn State	0.905	0.847	0.677	0.973	0.868	0.946
320	TN State	0.904	1.000	1.064	0.926	0.882	0.971
321	Air Force	0.903	0.740	0.754	0.923	0.888	1.035
322	Coppin State	0.901	0.956	0.764	0.934	0.882	0.890
323	S Mississippi	0.901	0.818	0.740	0.923	0.881	0.904
324	DePaul	0.900	0.898	0.808	0.899	0.901	0.948
325	Dixie State	0.895	0.919	0.780	0.879	0.911	--
326	N Illinois	0.894	0.935	1.060	0.897	0.891	0.972
327	San Diego	0.893	0.943	0.743	0.924	0.876	0.893
328	Troy	0.892	0.993	0.908	0.909	0.884	0.927
329	TX-Pan Am	0.889	0.808	0.882	0.904	0.876	0.964
330	Manhattan	0.886	0.931	0.827	0.905	0.867	0.903
331	Charl South	0.883	0.885	0.938	0.859	0.903	0.955
332	Kennesaw St	0.880	0.935	0.860	0.920	0.844	0.795
333	Idaho	0.880	1.011	0.928	0.920	0.847	0.901
334	New Mexico	0.878	0.915	0.945	--	0.878	1.029
335	TX A&M-CC	0.876	0.885	1.170	0.940	0.829	0.936
336	Delaware St	0.875	0.925	1.066	0.903	0.856	0.925
337	Alab A&M	0.873	0.813	0.998	0.941	0.811	0.864
338	San Jose St	0.873	0.923	1.026	0.898	0.855	0.913
339	Ark Pine Bl	0.868	0.959	0.922	1.037	0.826	0.774
340	Alabama St	0.865	0.842	0.789	0.850	0.880	0.858
341	Middle Tenn	0.864	0.773	0.881	0.918	0.820	0.931
342	Cal Poly	0.856	0.934	0.763	0.864	0.849	0.925
343	S Car State	0.830	0.867	0.860	0.889	0.792	0.956
344	Maine	0.803	0.658	0.825	0.949	0.764	0.890
345	Fordham	0.792	0.696	0.793	0.836	0.748	0.871
346	Chicago St	0.764	0.858	0.888	--	0.764	0.825
347	Miss Val St	0.755	0.842	0.815	0.761	0.753	0.848