Abilene Christian Wildcats,23,4,13,2,2340.6,27,6620,919,1998,56.4,656,1254,64.2,263,744,43.3,471,701,82.6,379,823,1202,602,329,103,444,643,2572
Adrian College Bulldogs,0,2,0,0,190.6,2,493,43,142,37.1,37,93,48.5,8,49,15.3,3,9,40.9,12,64,74,13,17,8,59,53,94
Arizona Christian Firestorm,0,1,0,0,85.9,1,238,29,69,52.6,13,31,54.0,16,38,51.4,20,25,98.2,12,25,34,16,6,2,16,22,94
Adams State University Grizzlies,0,2,0,0,185.1,2,491,61,163,46.1,45,109,51.0,16,54,36.2,27,40,81.8,34,45,80,31,22,9,45,55,166
Air Force Falcons,5,20,3,17,1903.7,25,6153,640,1436,54.7,427,789,66.4,213,647,40.5,307,443,85.0,135,574,709,378,217,76,404,509,1801
Akron Zips,15,8,12,6,1957.1,23,5702,771,1736,54.5,504,936,66.1,266,800,40.9,399,526,93.0,321,777,1098,374,139,103,320,507,2206
Alabama Crimson Tide,23,6,16,2,2662.9,30,7110,1027,2389,52.8,632,1264,61.4,395,1125,43.1,490,680,88.3,456,1034,1491,521,318,160,513,682,2929
Alabama A&M Bulldogs,6,9,4,9,1294.9,15,3744,426,1065,49.1,324,712,55.8,102,353,35.3,212,339,76.9,198,510,708,202,101,66,270,335,1166
Alabama State Hornets,4,14,4,14,1571.1,18,4417,470,1238,46.6,334,809,50.7,136,429,38.9,342,529,79.4,252,550,801,215,135,53,345,421,1418
Albany Great Danes,7,9,6,6,1329.3,16,3926,485,1083,54.8,360,712,62.0,125,372,41.3,267,369,88.8,135,454,589,229,120,36,238,350,1362
Alice Lloyd College Eagles,0,2,0,0,173.9,2,493,56,156,44.4,40,94,52.6,16,61,31.9,16,23,83.9,28,44,72,36,23,3,37,39,145
Alcorn State Braves,6,13,6,7,1613.7,19,4655,534,1358,48.2,395,897,54.0,139,461,36.9,335,461,89.1,258,488,746,217,178,37,308,483,1541
American University Eagles,4,6,4,5,850.4,10,2577,304,683,54.6,194,391,60.7,110,292,46.4,129,183,86.5,96,304,400,157,90,58,189,237,848
Appalachian State Mountaineers,17,11,7,8,2278.5,28,7000,827,1995,50.9,548,1135,59.3,279,860,39.8,504,685,90.4,378,858,1236,409,276,119,382,474,2437
Arlington Baptist Patriots,0,3,0,0,269.0,3,729,75,209,44.0,58,153,46.1,17,55,38.2,26,34,92.0,28,65,93,32,17,8,75,45,193
Arkansas Razorbacks,22,6,13,4,2533.6,28,6891,1012,2226,55.8,742,1429,63.7,270,796,41.6,536,728,90.4,411,962,1373,513,276,177,440,582,2831
Arkansas State Red Wolves,11,13,7,8,1990.4,24,5913,762,1706,54.8,573,1212,58.0,189,493,47.0,423,587,88.6,325,769,1094,426,194,83,361,472,2136
Little Rock Trojans,11,15,7,11,2124.1,26,6420,783,1718,56.0,602,1140,64.9,180,578,38.3,445,634,86.1,320,780,1101,434,202,106,460,514,2191
Army West Point Black Knights,12,9,7,7,1775.3,21,5184,691,1501,56.4,487,885,67.6,204,616,40.6,269,423,77.9,207,683,891,367,163,37,313,399,1854
UAPB Golden Lions,4,21,3,12,2124.0,25,5942,643,1665,47.4,492,1173,51.4,151,492,37.7,464,642,88.7,301,690,990,294,196,117,469,557,1901
Arizona Wildcats,17,9,11,9,2214.2,26,6821,877,1994,54.0,654,1385,57.9,223,609,45.0,609,833,89.6,377,847,1223,552,201,130,377,607,2406
Arizona State Sun Devils,11,14,7,10,2210.9,25,5695,805,1859,53.1,585,1200,59.9,220,659,40.9,450,618,89.3,243,734,977,401,223,101,331,587,2280
Auburn Tigers,13,14,7,11,2399.4,27,6681,872,1998,53.6,572,1076,65.2,301,921,40.0,512,723,86.9,428,876,1304,491,206,200,514,590,2557
Austin Peay Governors,14,13,10,10,2255.3,27,6681,899,1984,55.6,661,1281,63.3,238,703,41.6,426,567,92.1,418,724,1142,438,225,66,471,579,2463
Belmont Abbey Crusaders,1,0,0,0,94.7,1,277,33,71,57.2,18,43,52.6,15,28,64.0,11,18,73.6,11,34,43,22,11,5,25,28,92
Ball State Cardinals,10,13,8,9,2010.4,23,5703,752,1698,54.4,513,999,63.1,239,699,42.0,366,487,92.1,281,760,1040,390,155,67,400,541,2109
Baylor Bears,22,2,13,1,2041.9,24,5631,915,1858,60.5,611,1130,66.4,304,728,51.3,350,502,85.5,379,694,1074,502,264,112,358,506,2485
Bluefield College Ramblin' Rams,0,1,0,0,80.7,1,244,31,70,53.9,22,40,66.9,11,29,35.8,11,12,85.9,8,32,38,13,5,3,12,11,79
Belhaven Blazers,0,1,0,0,105.1,1,247,28,72,47.9,12,23,64.5,16,49,39.9,31,39,95.8,8,18,25,17,13,0,21,22,103
Bellarmine Knights,13,7,10,3,1565.3,20,4908,690,1339,63.2,533,920,71.0,157,418,46.0,287,385,91.4,195,551,746,388,175,52,259,377,1823
Belmont Bruins,26,4,18,2,2593.2,30,7399,1097,2250,59.8,764,1280,73.3,333,971,42.1,466,632,90.6,324,991,1315,670,286,106,427,537,2993
Benedictine College Ravens,0,1,0,0,87.5,1,245,18,85,26.6,11,44,23.8,12,40,29.7,11,15,71.5,16,28,44,12,2,6,15,18,55
Benedictine Mesa Redhawks,0,5,0,0,463.9,5,1223,125,378,40.6,79,207,46.5,47,171,33.5,69,96,88.1,29,166,195,71,31,8,77,96,366
Bethesda Flames,0,12,0,0,1131.4,12,2962,297,891,40.9,187,469,48.8,110,422,32.1,113,187,74.2,98,279,377,130,92,20,261,286,815
Binghamton Bearcats,4,14,4,10,1459.5,18,4509,528,1275,50.8,336,696,59.3,191,579,40.6,199,296,82.5,236,552,788,244,110,67,296,377,1445
Bluefield State Big Blues,0,1,0,0,92.0,1,216,26,70,45.2,20,43,56.1,8,27,27.9,6,11,70.1,11,29,38,12,6,0,25,12,69
Boise State Broncos,18,8,14,6,2225.1,26,6406,850,1867,55.8,606,1153,64.5,244,714,42.0,486,653,91.3,298,842,1140,427,211,93,364,544,2431
Boston College Eagles,4,16,2,11,1734.8,20,4925,614,1454,51.8,393,787,61.2,221,667,40.6,303,432,86.1,229,585,815,280,178,94,325,398,1751
Boston University Terriers,7,11,6,10,1463.3,18,4417,553,1267,53.6,400,787,62.5,153,481,39.1,272,363,92.0,222,560,782,216,118,63,266,374,1533
Bowling Green Falcons,14,11,10,8,2191.3,25,6196,861,2038,51.9,607,1248,59.8,254,790,39.4,432,585,90.6,384,794,1178,388,222,63,306,526,2409
Bradley Braves,12,16,6,12,2245.8,28,6931,903,2007,55.2,667,1267,64.7,236,740,39.0,348,482,88.7,348,919,1267,469,177,120,413,558,2390
Bryant Bulldogs,15,6,10,4,1926.4,21,5152,747,1595,57.4,504,961,64.4,243,634,47.0,423,560,92.9,270,766,1036,401,175,88,375,426,2161
Bethel (TN) Wildcats,0,1,0,0,90.5,1,242,26,80,39.6,22,59,46.0,5,21,21.6,18,26,87.6,23,28,52,20,2,3,25,31,74
Bucknell Bison,5,7,4,6,1049.3,12,2945,382,838,55.8,274,510,65.8,108,328,40.5,232,304,93.5,96,398,493,177,86,52,184,256,1103
Buffalo Bulls,16,8,12,5,2162.1,24,5935,903,1962,56.4,697,1352,63.2,206,610,41.5,394,585,82.6,438,856,1294,472,236,120,398,529,2406
Butler Bulldogs,10,15,8,12,1972.7,25,6222,702,1712,50.3,482,1031,57.4,220,681,39.6,325,503,79.3,282,708,990,378,171,63,326,498,1948
Bacone Warriors,0,1,0,0,97.5,1,245,33,91,44.8,23,64,44.8,12,27,44.7,5,11,40.9,12,36,48,12,12,2,15,17,80
BYU Cougars,20,6,10,3,2236.7,26,6470,921,1910,59.1,636,1155,67.5,286,756,46.4,383,524,89.7,301,952,1253,529,151,90,406,574,2512
California Baptist Lancers,13,10,6,6,2099.1,23,6272,877,1821,59.1,601,1113,66.3,276,708,47.9,460,631,89.6,272,773,1045,545,174,70,418,626,2233
California Golden Bears,9,20,3,17,2301.6,29,6617,811,1885,52.8,561,1121,61.4,250,763,40.2,455,653,85.5,288,837,1125,425,155,80,429,633,2328
Cal Poly Mustangs,4,20,1,15,1997.5,24,5923,639,1618,48.5,437,998,53.7,202,621,40.0,336,463,89.2,222,720,942,378,184,104,394,553,1812
Calvin Knights,0,1,0,0,83.7,1,245,28,82,42.1,20,48,50.3,11,34,30.7,5,9,61.4,18,27,45,16,15,3,18,29,69
Campbell Fighting Camels,17,10,11,6,2169.3,27,6717,858,1731,60.7,618,1092,69.4,239,639,45.9,399,589,83.1,202,739,941,475,202,75,388,563,2352
Canisius Golden Griffins,7,6,7,5,1107.9,13,3185,394,964,50.1,275,563,59.9,119,401,36.4,216,304,87.1,160,393,552,202,90,55,189,287,1123
Central Arkansas Bears,5,19,4,12,2153.1,24,5903,745,1707,53.5,535,1131,58.0,210,575,44.8,391,546,88.0,303,791,1094,395,148,79,510,533,2087
Carlow University Celtics,0,1,0,0,95.2,1,245,25,77,38.9,15,37,49.1,12,40,29.7,12,16,75.5,8,25,31,12,6,3,20,22,69
Carver College Cougars,1,20,0,0,1918.4,21,5160,425,1368,38.0,329,957,42.2,96,411,28.6,209,320,79.9,174,560,734,189,140,59,569,384,1153
Catawba Indians,0,1,0,0,87.6,1,245,25,69,43.8,18,45,49.7,8,23,32.3,21,31,83.4,12,32,44,12,11,2,18,25,76
Central Baptist College Mustangs,0,2,0,0,175.8,2,487,44,128,42.5,33,90,45.4,11,38,35.6,39,59,81.8,27,55,82,12,18,6,43,60,139
College of Coastal Georgia Mariners,0,2,0,0,196.5,2,491,58,147,48.1,40,87,57.1,17,60,35.1,34,55,76.3,25,55,80,23,17,5,50,56,167
Champion Christian College Tigers,0,7,0,0,607.3,7,1712,162,469,42.5,118,288,50.2,44,180,30.1,54,92,72.0,66,193,259,67,47,21,161,135,422
Cedarville Yellow Jackets,0,1,0,0,81.8,1,245,27,70,47.4,22,47,58.2,6,23,25.9,2,6,30.7,6,23,28,11,11,0,13,17,60
Central Connecticut State Blue Devils,5,16,5,13,1812.7,21,5153,640,1509,52.0,456,941,59.5,184,568,39.8,301,428,86.1,223,591,815,331,178,66,357,440,1766
Charleston Cougars,9,10,6,4,1505.2,19,4780,590,1308,55.3,396,790,61.6,194,518,45.9,271,382,87.2,195,569,764,247,123,65,227,398,1645
Charlotte 49ers,9,16,5,11,1971.6,25,6279,669,1547,53.0,493,1006,60.1,175,541,39.8,434,594,89.7,212,744,956,345,167,90,393,448,1947
Chattanooga Mocs,18,8,8,7,2154.4,26,6438,818,1867,53.7,551,1123,60.2,267,745,44.0,412,526,96.1,266,815,1081,391,218,59,336,454,2317
Chicago St. Cougars,0,9,0,0,764.2,9,2207,221,610,44.4,158,361,53.9,63,249,30.8,108,155,85.6,66,221,287,109,60,16,161,218,612
Chowan Hawks,0,1,0,0,92.1,1,248,27,75,44.3,16,36,55.0,11,39,34.5,28,39,88.2,20,32,52,13,9,2,16,27,93
Charleston Southern Buccaneers,3,18,2,15,1775.8,21,5184,589,1455,49.7,393,833,57.8,196,622,38.8,313,438,87.6,263,658,920,266,158,98,407,474,1687
College of Idaho Coyotes,0,5,0,0,439.9,5,1199,126,367,42.2,75,205,44.8,52,162,39.0,60,92,80.1,76,156,232,69,27,17,107,120,364
Cincinnati Bearcats,12,10,8,6,1905.5,23,5631,696,1647,51.9,494,1000,60.6,201,647,38.2,356,542,80.5,301,720,1021,422,190,107,388,533,1945
Citadel Bulldogs,13,12,5,10,2247.9,25,6135,869,1921,55.5,555,1038,65.5,314,883,43.7,426,607,86.0,291,867,1158,477,167,130,364,497,2477
Clemson Tigers,16,7,10,6,1802.4,23,5818,676,1579,52.5,438,890,60.4,238,690,42.3,294,384,94.1,243,679,921,377,174,81,341,456,1843
Cleveland State Vikings,19,7,16,4,2157.6,26,6519,839,1859,55.3,636,1221,63.9,204,638,39.1,398,594,82.1,342,774,1117,444,222,79,398,612,2280
Central Michigan Chippewas,7,16,3,13,2059.4,23,5645,774,1737,54.7,588,1172,61.6,187,566,40.5,432,642,82.6,301,721,1022,302,231,82,366,485,2167
Coastal Carolina Chanticleers,16,7,9,5,2023.2,23,5715,800,1741,56.3,552,1055,64.2,248,686,44.3,405,555,89.6,388,845,1233,437,239,118,412,466,2253
Coe Kohawks,0,1,0,0,82.4,1,245,31,69,54.7,21,36,71.9,12,33,36.3,3,3,122.7,5,31,34,21,12,3,16,16,74
Colorado Buffaloes,22,8,14,6,2367.9,30,7373,950,2104,55.3,675,1352,61.2,275,752,44.8,519,633,100.6,363,925,1288,490,196,102,379,602,2688
Colorado Christian Cougars,0,1,0,0,89.1,1,245,28,72,47.9,22,48,56.7,8,25,30.7,13,18,89.9,6,37,42,9,6,2,13,20,76
Colgate Raiders,13,1,11,1,1270.0,15,3708,579,1160,61.2,412,745,68.0,167,415,49.3,264,361,89.7,177,550,726,315,133,63,179,288,1589
Colorado State Rams,18,6,14,4,2006.0,24,5886,755,1600,57.9,503,902,68.5,252,698,44.2,437,553,96.8,221,811,1032,427,162,72,385,508,2198
Coppin State Eagles,9,13,8,4,2120.7,22,5150,649,1580,50.4,412,799,63.3,237,782,37.2,431,692,76.3,200,777,977,351,231,87,422,483,1966
Covenant Scots,0,2,0,0,179.6,2,493,50,141,43.8,23,63,45.8,27,79,42.2,32,49,79.8,22,52,74,27,15,6,38,48,160
Crowley's Ridge College Pioneers,0,4,0,0,383.1,4,980,103,325,38.9,79,211,45.6,25,114,26.4,49,72,83.2,50,112,162,37,29,11,79,72,280
Creighton Bluejays,20,8,14,6,2361.7,28,6432,978,2055,58.4,644,1145,69.1,334,910,45.0,355,552,78.8,291,950,1240,545,243,119,372,533,2644
Columbus State Cougars,0,1,0,0,85.7,1,297,43,91,58.0,34,65,64.8,11,26,40.9,15,23,77.5,20,26,45,21,6,2,12,31,102
Bakersfield Roadrunners,15,11,11,7,2212.8,26,7406,969,2210,53.9,725,1535,57.9,244,675,44.4,405,568,87.5,417,748,1166,529,232,102,460,693,2222
Cal State Fullerton Titans,6,10,5,9,1423.0,16,3956,528,1167,55.5,367,748,60.1,161,418,47.1,296,400,90.7,172,474,645,267,131,39,244,333,1512
CSUN Matadors,9,13,5,9,1901.3,22,5429,687,1623,51.9,479,1006,58.4,209,617,41.5,363,499,89.2,255,640,896,358,172,58,309,470,1946
Colorado State-Pueblo ThunderWolves,0,1,0,0,89.2,1,243,33,79,51.8,20,43,56.1,13,36,46.5,15,21,86.6,12,27,37,17,6,5,15,28,94
Campbellsville University Harrodsburg Pioneers,0,2,0,0,191.9,2,440,50,147,42.0,38,90,52.1,12,58,26.1,21,36,71.9,16,43,59,34,22,3,40,26,155
Concordia-Irvine Eagles,0,1,0,0,88.7,1,245,31,72,52.0,26,48,66.0,6,25,24.5,17,25,85.9,15,21,36,13,11,2,21,26,83
Culver-Stockton Wildcats,0,1,0,0,79.9,1,245,11,44,30.7,9,21,43.3,5,23,19.4,17,27,78.0,5,17,21,8,2,2,27,17,43
Dallas Christian Crusaders,0,6,0,0,652.2,6,1512,129,427,37.1,79,227,42.5,50,200,30.9,55,102,66.5,50,173,223,66,50,20,248,185,331
Davidson Wildcats,13,8,7,4,1627.8,21,5174,675,1427,58.0,418,728,70.6,256,699,45.0,256,374,84.0,233,667,901,390,133,66,265,383,1863
Dayton Flyers,14,9,9,7,1871.2,23,5791,696,1460,58.4,469,853,67.5,227,607,45.9,362,503,88.3,195,745,940,388,125,55,383,437,1980
Dickinson State Blue Hawks,0,1,0,0,80.0,1,245,23,64,44.8,17,43,49.1,8,21,36.1,12,15,81.8,6,17,22,11,11,0,15,22,63
Delaware Fightin' Blue Hens,7,8,5,4,1215.1,15,3675,426,973,53.7,294,579,62.3,131,394,40.9,260,364,87.6,164,487,652,231,85,65,253,320,1243
Delaware State Hornets,3,16,1,11,1856.5,19,5249,625,1595,48.1,410,903,55.7,215,692,38.0,336,469,88.0,248,578,826,328,183,85,436,535,1650
Denver Pioneers,2,19,1,13,1815.3,21,5209,637,1438,54.4,464,944,60.4,173,494,42.9,352,488,88.5,191,589,780,308,147,66,371,529,1799
DePaul Blue Demons,5,14,2,13,1627.9,19,4714,590,1417,51.0,464,1015,56.1,126,402,38.5,227,335,83.2,281,601,882,266,161,91,358,460,1534
Detroit Titans,12,10,10,6,1803.0,22,5426,734,1583,56.9,458,877,64.0,276,706,48.0,321,400,98.7,243,639,882,387,184,66,294,384,2065
Doane Doane,0,1,0,0,97.6,1,243,26,88,35.8,12,32,37.8,16,56,34.7,11,21,64.9,11,31,42,18,9,3,12,22,79
Drake Bulldogs,25,4,15,3,2339.6,29,7182,1065,2156,60.6,815,1479,67.6,250,677,45.4,374,525,87.5,368,912,1280,490,254,106,344,558,2755
Drexel Dragons,12,7,4,5,1494.4,19,4659,607,1274,58.5,438,818,65.6,169,455,45.6,282,363,95.3,206,585,791,353,109,55,275,355,1666
Dalton State Roadrunners,0,1,0,0,81.4,1,245,23,61,46.6,17,45,46.4,8,16,47.2,23,27,106.0,11,21,29,11,12,3,17,21,76
Duke Blue Devils,13,11,9,9,2016.0,24,5947,849,1815,57.4,602,1113,66.4,247,702,43.1,293,425,84.8,334,710,1044,472,242,134,363,503,2238
Duquesne Dukes,9,9,7,7,1494.5,18,4417,537,1276,51.7,396,804,60.5,141,472,36.7,263,404,79.8,252,551,802,296,148,98,280,380,1479
Dixie State Trailblazers,8,13,4,10,1890.8,21,5151,631,1506,51.4,474,993,58.5,157,513,37.5,374,524,87.6,245,663,908,394,175,53,387,539,1793
East Carolina Pirates,8,11,2,10,1574.2,19,4692,551,1342,50.3,417,902,56.8,134,440,37.3,321,444,88.8,232,569,801,372,144,72,287,399,1557
Eastern Illinois Panthers,9,18,6,14,2299.9,27,6707,867,1991,53.5,639,1287,61.0,228,704,39.8,336,512,80.6,352,810,1162,442,237,108,453,534,2299
Eastern Kentucky Colonels,22,7,15,5,2692.0,29,7226,1069,2388,55.0,726,1433,62.2,342,955,44.0,431,610,86.6,377,888,1265,566,367,126,445,654,2910
Elon Phoenix,10,9,4,7,1514.3,19,4686,551,1329,50.9,362,747,59.4,189,582,39.9,242,326,90.9,204,598,801,254,133,48,256,440,1533
Eastern Michigan Eagles,6,12,3,11,1544.0,18,4416,550,1321,51.0,393,817,58.9,157,504,38.2,298,400,91.4,207,521,729,243,195,52,269,336,1555
Emmanuel Lions,1,1,0,0,168.9,2,491,42,134,38.3,22,64,42.5,20,70,34.5,33,44,92.0,21,65,86,31,20,11,38,52,136
Emporia St. Hornets,0,1,0,0,83.3,1,245,27,71,46.5,21,39,65.2,8,32,23.6,12,12,98.2,13,31,44,15,5,6,21,20,70
East Tennessee State Buccaneers,13,12,8,7,2024.3,25,5914,761,1737,53.7,514,1032,61.1,247,706,42.9,362,519,85.5,313,787,1099,362,226,77,394,526,2130
East Texas Baptist Tigers,0,1,0,0,88.0,1,245,25,76,39.6,15,43,42.1,12,33,36.3,13,26,64.3,13,33,47,21,11,9,15,27,72
Evansville Aces,9,16,7,11,1889.2,25,6226,701,1594,54.0,406,812,61.4,294,782,46.3,291,405,88.1,183,639,822,357,150,69,296,463,1987
Eastern Washington Eagles,16,7,12,3,1982.1,23,5637,783,1677,57.3,545,1005,66.5,238,672,43.4,399,507,96.6,217,789,1006,426,139,81,323,479,2202
Edward Waters Tigers,0,1,0,0,98.6,1,245,32,85,46.3,28,61,56.4,5,23,19.4,20,23,103.3,11,26,34,17,15,8,12,22,87
Fairfield Stags,10,17,7,11,2127.8,27,6683,712,1787,48.8,512,1152,54.5,200,634,38.7,423,609,85.4,325,842,1167,333,153,76,399,589,2047
Fairleigh Dickinson Knights,9,15,8,10,2083.2,24,5952,791,1755,55.3,553,1120,60.6,238,634,46.0,389,546,87.4,299,696,995,352,223,114,404,539,2210
Fort Hays State Tigers,1,0,0,0,87.8,1,245,39,71,67.7,27,42,79.4,12,29,51.2,11,11,95.5,11,31,42,16,12,3,25,29,99
Florida Gators,14,9,9,7,1937.0,23,5626,742,1599,56.9,550,1059,63.7,193,540,43.8,410,541,92.9,283,709,993,334,206,153,394,523,2087
Flagler Saints,2,4,0,0,555.4,6,1472,216,463,57.3,151,269,69.0,65,194,41.1,71,112,78.2,71,194,265,123,55,12,119,139,568
Florida A&M Rattlers,8,12,7,5,1707.3,20,4901,614,1382,54.5,497,1010,60.4,117,372,38.5,269,412,80.0,256,614,870,325,160,61,399,447,1612
Florida Atlantic Owls,13,10,7,5,1967.1,23,5675,800,1729,56.8,526,1009,64.0,274,720,46.6,330,499,81.1,352,787,1139,411,215,77,382,508,2204
Florida College Falcons,0,2,0,0,181.8,2,490,70,158,54.2,48,96,61.4,22,63,43.3,29,36,101.6,18,50,69,34,11,0,32,37,191
FGCU Eagles,10,8,4,5,1568.4,18,4406,593,1382,52.6,413,769,65.9,179,612,36.0,221,333,81.5,255,604,859,302,164,94,320,344,1585
FIU Golden Panthers,9,17,2,15,2296.3,26,6470,847,1968,52.8,512,967,64.9,335,1001,41.1,320,481,81.7,309,729,1038,466,269,125,458,568,2348
Florida Memorial Lions,0,2,0,0,191.8,2,488,61,140,53.9,49,97,62.1,12,43,35.1,16,34,56.9,20,65,85,28,11,12,58,40,151
Florida National Conquistadors,1,5,0,0,590.1,6,1474,200,517,47.5,130,281,56.8,70,236,36.4,47,77,74.0,74,156,229,81,63,11,115,125,517
Florida State Seminoles,16,6,11,4,1868.5,22,5452,761,1604,58.2,539,1034,63.9,222,569,47.9,387,524,90.6,313,693,1006,394,200,139,382,499,2130
Fordham Rams,2,12,2,11,1094.6,14,3450,321,891,44.3,223,526,52.0,98,364,33.0,166,247,82.5,115,389,504,189,107,34,218,274,890
Fresno Pacific Sunbirds,0,5,0,0,446.8,5,1226,146,384,46.6,98,220,54.8,48,164,35.7,70,102,84.3,48,134,182,77,38,12,76,126,410
Freed-Hardeman Lions,0,2,0,0,172.7,2,491,63,155,49.7,44,82,65.9,18,72,31.2,13,17,96.4,17,49,66,25,18,9,31,38,157
Fresno State Bulldogs,12,12,9,11,1955.0,24,5912,677,1582,52.5,476,969,60.2,201,612,40.4,396,595,81.7,315,731,1047,306,194,86,410,524,1952
Furman Paladins,16,9,10,5,2133.4,25,6167,897,1842,59.8,600,972,75.7,297,870,41.8,353,488,88.8,283,805,1088,510,252,103,369,525,2442
Georgia Bulldogs,14,12,7,11,2366.6,26,6402,901,1967,56.2,698,1342,63.8,202,625,39.8,467,680,84.4,390,796,1187,476,271,79,508,594,2471
Gardner-Webb Runnin' Bulldogs,11,15,10,10,2088.4,26,6382,799,1798,54.5,514,1009,62.6,285,789,44.3,372,539,84.7,292,805,1097,416,188,155,360,604,2254
Georgia Southern Eagles,13,13,7,9,2218.6,26,6552,842,1885,54.8,604,1139,65.0,238,746,39.1,361,568,77.9,379,804,1183,395,258,124,432,545,2282
Georgia State Panthers,16,6,8,4,1917.9,22,5553,796,1701,57.4,578,1091,65.0,218,610,43.9,357,521,84.0,307,707,1014,453,193,119,307,448,2168
Green Bay Phoenix,8,17,8,12,2084.6,25,6318,805,1849,53.4,596,1222,59.9,209,627,40.9,378,504,91.9,282,723,1005,432,169,110,320,496,2196
Greensboro Pride,1,4,0,0,441.8,5,1227,120,379,38.9,76,221,42.2,44,158,34.2,45,77,72.0,63,124,187,64,47,13,92,108,330
Grand Canyon Antelopes,17,6,9,3,1894.1,23,5393,793,1606,60.6,601,1031,71.5,191,575,40.9,356,519,84.2,297,826,1123,439,134,76,355,482,2133
Georgetown Hoyas,13,12,7,9,2113.2,25,5422,762,1795,52.0,507,1098,56.6,255,697,44.9,410,544,92.5,358,875,1233,394,182,119,461,487,2189
George Washington Colonials,5,12,3,5,1430.7,17,4209,504,1140,54.2,379,752,61.8,125,388,39.6,287,411,85.8,167,546,713,238,131,56,277,303,1421
George Mason Patriots,13,9,8,6,1890.5,22,5546,709,1653,52.6,513,1055,59.6,196,598,40.4,310,483,78.8,312,712,1023,352,195,114,337,433,1925
Gonzaga Bulldogs,26,0,15,0,2351.5,26,6368,1090,1978,67.6,856,1340,78.4,233,638,44.8,526,725,89.1,306,904,1210,584,265,91,380,531,2939
Greenville Panthers,0,3,0,0,406.4,3,734,130,369,43.2,76,155,60.4,54,215,30.8,54,85,78.3,71,47,118,56,45,8,71,93,368
George Fox Bruins,0,1,0,0,86.6,1,245,23,64,44.8,12,28,42.7,13,36,46.5,12,18,81.8,3,23,26,13,11,0,18,32,72
Grambling State Tigers,12,12,9,6,2060.3,24,5674,690,1609,52.6,536,1146,57.4,153,463,40.7,452,677,81.8,258,755,1012,400,236,85,422,529,1984
Georgia Tech Yellow Jackets,17,8,11,6,2084.1,25,6287,853,1800,58.2,621,1134,67.2,232,666,42.7,379,521,89.2,250,696,946,491,282,104,324,479,2317
Hampton Pirates,11,14,9,9,2099.3,25,6139,761,1764,52.9,534,1081,60.6,227,683,40.7,366,504,89.0,242,794,1036,358,187,183,377,523,2112
Hartford Hawks,15,8,8,6,1840.5,23,5638,666,1535,53.3,453,882,62.9,213,653,40.1,313,439,87.4,231,707,937,310,198,58,345,455,1859
Hawaii Rainbow Warriors,11,10,9,9,1835.8,22,5425,680,1567,53.3,481,975,60.5,199,591,41.2,339,476,87.2,281,714,995,312,144,37,358,442,1953
Hardin-Simmons Cowboys,0,2,0,0,189.7,2,492,60,144,51.4,36,87,50.1,25,56,53.4,26,34,92.0,18,55,74,33,15,8,49,61,171
Hawaii Hilo Vulcans,0,2,0,0,196.7,2,486,56,152,45.5,47,103,55.5,12,49,24.5,39,66,72.8,18,48,66,12,22,9,34,56,162
Hawaii Pacific Sharks,0,1,0,0,87.3,1,245,25,64,47.2,18,40,55.8,8,23,32.3,8,11,68.2,8,23,29,12,8,3,26,25,61
Hofstra Pride,13,10,8,6,1909.2,23,5674,730,1647,54.4,517,999,63.4,213,648,40.5,389,546,87.4,294,706,1000,360,187,83,334,452,2065
Holy Cross Crusaders,5,11,5,11,1348.8,16,3957,519,1167,54.6,383,784,59.9,136,383,43.7,212,304,85.6,184,455,639,233,133,75,248,374,1387
Houston Cougars,23,3,14,3,2111.7,27,6593,907,2042,54.5,598,1184,62.0,309,858,44.3,449,606,90.9,475,887,1362,467,271,155,340,621,2572
Houston Baptist Huskies,6,19,4,11,2248.8,25,6167,779,1822,52.5,531,1101,59.3,248,721,42.2,373,509,89.9,282,766,1048,434,216,113,502,520,2179
Howard Payne Yellow Jackets,0,4,0,0,383.3,4,914,75,252,36.6,47,126,45.3,28,125,27.6,56,81,85.5,36,110,146,49,17,6,123,69,259
Howard Bison,1,4,0,0,436.8,5,1226,151,347,53.4,104,196,65.2,47,151,37.9,97,135,88.1,50,167,217,91,32,31,85,109,445
High Point Panthers,9,15,6,11,1943.6,24,5941,692,1670,50.8,551,1184,57.1,141,486,35.6,438,638,84.3,342,702,1044,358,195,112,351,525,1963
Idaho Vandals,1,21,1,17,1794.7,22,5448,600,1390,53.0,450,951,58.2,150,439,41.8,298,411,89.0,187,620,806,326,134,53,427,510,1648
Idaho State Bengals,13,11,8,6,1975.6,25,6174,726,1618,55.1,509,979,63.8,217,639,41.7,448,627,87.6,303,796,1099,355,137,108,434,557,2118
Illinois Fighting Illini,22,6,16,4,2462.3,29,7204,1044,2094,61.2,802,1452,67.9,242,643,46.1,567,821,84.8,384,1054,1438,583,204,101,454,644,2897
UIC Flames,9,13,6,10,1862.2,22,5460,685,1596,52.6,466,929,61.6,218,667,40.1,239,363,80.9,227,713,940,364,99,83,345,502,1827
Illinois State Redbirds,7,18,4,14,2150.7,25,6215,833,1810,56.4,594,1118,65.2,239,692,42.5,302,456,81.1,255,826,1081,423,184,102,416,504,2207
Incarnate Word Cardinals,8,14,5,9,1811.7,22,5429,643,1447,54.5,437,894,59.9,206,552,45.8,342,487,86.3,210,633,843,330,145,49,366,483,1834
Indiana Hoosiers,12,15,7,12,2226.5,27,6833,802,1853,53.1,609,1254,59.5,194,599,39.8,510,768,81.6,299,845,1145,461,190,124,373,588,2309
Indiana State Sycamores,15,10,11,7,1987.2,25,6134,712,1642,53.1,529,1093,59.4,183,548,40.9,433,590,90.1,254,723,977,328,201,88,351,458,2039
Iona Gaels,12,5,6,3,1470.4,17,4437,567,1242,56.1,411,801,62.9,156,440,43.4,339,461,90.1,229,548,778,303,147,99,340,491,1507
Iowa Hawkeyes,21,8,14,6,2478.1,29,7134,1059,2258,57.5,712,1358,64.3,347,899,47.4,515,723,87.5,402,1027,1429,680,199,161,325,531,2980
Iowa State Cyclones,2,22,0,18,2033.2,24,5638,726,1735,51.4,512,1065,58.9,215,670,39.4,266,340,96.1,253,677,930,340,191,92,417,548,1931
Purdue Fort Wayne Mastodons,8,15,6,14,1991.7,23,5856,774,1545,61.5,524,919,69.9,250,626,49.1,321,466,84.5,217,666,883,402,191,79,466,507,2120
IUPUI Jaguars,8,10,7,9,1591.3,18,4415,555,1312,51.9,379,801,58.0,175,510,42.2,287,400,88.1,206,540,746,293,152,49,297,417,1572
Jackson State Tigers,12,6,11,0,1583.7,18,4825,512,1313,47.9,388,945,50.3,124,368,41.3,388,584,81.5,229,578,807,243,194,75,342,476,1449
Jacksonville Dolphins,11,13,5,9,2007.7,24,5915,708,1620,53.6,499,974,62.9,209,645,39.6,366,551,81.5,254,728,982,330,201,77,416,458,1990
Jacksonville State Gamecocks,18,9,13,6,2226.8,27,6706,887,1924,56.6,618,1168,64.9,269,756,43.7,417,609,84.0,369,917,1286,470,166,115,426,507,2460
Judson Eagles,0,2,0,0,176.0,2,463,38,137,34.0,29,86,42.1,11,52,20.5,12,26,46.7,26,55,81,20,18,5,49,48,94
James Madison Dukes,13,7,8,2,1750.9,20,4901,666,1475,55.5,463,879,64.7,204,596,42.0,380,571,81.8,270,648,918,339,183,50,296,460,1917
Kansas Jayhawks,20,8,12,6,2338.8,28,6648,904,2058,53.9,648,1312,60.6,256,746,42.2,447,627,87.4,391,914,1306,470,236,140,412,524,2512
Kansas State Wildcats,9,20,4,14,2307.4,29,7110,796,1934,50.6,562,1142,60.4,234,791,36.3,372,560,81.5,362,806,1168,464,198,54,503,604,2199
Keene State Owls,0,1,0,0,91.3,1,247,25,71,42.3,17,53,40.0,9,18,49.1,12,15,81.8,11,28,37,11,5,5,23,20,66
Kennesaw State Owls,5,19,2,13,2006.3,24,5660,702,1674,51.4,499,1025,59.8,202,649,38.3,325,493,80.9,264,736,1000,320,169,74,410,528,1928
Columbia International Rams,0,6,0,0,499.3,6,1466,137,399,42.3,88,217,49.9,49,182,33.1,39,64,75.5,37,133,169,71,37,12,114,110,363
Kent State Golden Flashes,15,8,12,6,1957.1,23,5672,779,1757,54.4,552,1061,63.8,227,696,40.0,379,487,95.5,357,747,1104,405,191,92,375,480,2164
Lafayette Leopards,9,6,9,5,1307.6,15,3804,497,1139,53.5,339,699,59.4,158,439,44.2,277,345,98.7,163,481,644,298,115,63,195,344,1429
Lamar Cardinals,10,18,6,10,2371.6,28,6913,822,1973,51.2,652,1427,56.1,171,546,38.3,448,610,90.1,330,858,1188,407,245,145,460,572,2261
Louisiana-Monroe Warhawks,7,19,5,13,2104.6,26,6407,747,1796,51.0,509,1096,57.1,238,701,41.7,317,450,86.3,254,720,974,436,237,91,396,531,2049
Lander Bearcats,0,1,0,0,93.1,1,245,29,74,49.1,22,44,61.4,9,29,30.7,11,17,78.9,9,27,34,12,9,11,21,17,77
La Salle Explorers,9,16,6,11,2104.4,25,6171,777,1783,53.5,537,1080,61.1,239,703,41.7,296,432,84.0,287,730,1017,390,228,102,433,529,2088
La Sierra University Golden Eagles,0,1,0,0,94.4,1,245,23,59,48.6,15,29,61.4,11,29,35.8,11,17,78.9,9,22,29,20,9,5,34,31,66
Lancaster Bible College Chargers,0,2,0,0,178.5,2,490,59,148,48.7,37,85,53.4,22,64,42.5,18,27,83.7,33,56,90,32,11,9,42,38,158
Long Beach State 49ers,6,12,4,8,1637.9,18,4541,572,1285,54.6,416,850,60.0,156,434,44.0,330,485,83.6,180,593,773,256,137,64,340,428,1629
Lee University Flames,0,1,0,0,83.8,1,244,22,65,41.7,13,43,38.5,11,22,47.7,12,26,58.4,15,36,50,15,9,5,23,26,65
Lehigh Mountain Hawks,4,11,4,10,1290.4,15,3712,476,1106,52.9,387,822,57.7,90,283,38.8,216,308,86.0,168,474,642,234,110,39,232,329,1258
Le Tourneau Yellow Jackets,0,5,0,0,511.2,5,1223,147,443,40.7,93,227,50.4,54,216,30.7,37,63,72.1,58,147,205,71,55,21,102,114,385
Lewis Flyers,0,2,0,0,167.6,2,490,54,153,43.2,40,118,42.2,13,36,46.5,13,26,64.3,20,52,71,29,15,2,25,48,135
Liberty Flames,23,5,11,2,2159.5,28,6858,934,1899,60.4,579,991,71.7,355,908,48.0,351,452,95.3,242,903,1145,547,157,79,321,499,2573
Limestone Saints,0,2,0,0,182.6,2,490,49,130,46.3,28,60,57.5,21,70,36.6,21,33,77.3,18,55,74,27,11,9,58,45,140
Lincoln (PA) Lions,0,2,0,0,192.5,2,491,67,156,53.1,49,94,63.7,18,61,36.8,38,53,88.5,29,64,93,26,22,11,43,45,191
Lipscomb Bisons,15,12,9,6,2226.3,27,6655,843,1833,56.4,598,1135,64.5,245,698,43.1,427,617,84.9,255,871,1126,447,205,65,391,461,2358
LIU Brooklyn Sharks,9,9,9,9,1603.4,18,4417,588,1417,50.9,423,844,61.5,164,573,35.2,294,442,81.8,294,571,865,360,187,85,312,387,1634
Longwood Lancers,12,16,10,10,2223.5,28,6869,814,1875,53.3,568,1164,59.9,245,710,42.3,405,590,84.2,329,811,1140,362,212,61,436,595,2275
Louisville Cardinals,13,7,8,5,1590.3,20,4930,606,1406,52.9,475,980,59.4,131,426,37.8,324,452,88.0,276,661,937,272,118,45,270,415,1667
Louisiana-Lafayette Ragin' Cajuns,17,9,10,7,2254.0,26,6434,875,1971,54.5,648,1319,60.2,227,652,42.7,396,568,85.6,393,867,1260,407,178,150,464,561,2373
Louisiana Tech Bulldogs,21,7,12,4,2395.1,28,6859,897,2012,54.7,640,1270,61.8,256,742,42.3,476,694,84.2,347,993,1340,431,222,94,431,520,2526
Loyola Chicago Ramblers,24,4,16,2,2148.8,28,6931,902,1787,62.0,655,1117,72.0,247,670,45.2,406,562,88.7,250,871,1121,542,238,82,394,488,2456
Loyola Maryland Greyhounds,6,10,4,10,1416.2,17,4356,566,1218,56.9,453,849,65.4,113,369,37.5,260,431,74.1,234,550,784,271,144,66,296,378,1504
Loyola Marymount Lions,13,9,7,5,1849.2,22,5987,682,1526,54.8,501,982,62.6,182,545,40.9,449,615,89.7,270,677,947,406,139,76,445,556,1876
Loyola (LA) Wolfpack,0,1,0,0,76.8,1,0,23,72,39.5,18,48,47.2,6,25,24.5,15,21,86.6,17,36,53,0,0,0,0,16,66
LSU Tigers,18,8,11,6,2317.7,27,6644,962,2077,56.8,692,1306,65.0,270,772,42.9,526,704,91.7,380,888,1269,407,267,92,375,573,2720
LSU-Alexandria General,0,3,0,0,294.3,3,737,99,231,52.9,70,144,59.8,29,87,41.5,56,70,99.0,25,76,101,34,26,9,52,75,285
Maine Black Bears,2,7,2,6,701.1,9,2206,211,555,46.7,133,306,53.3,79,249,38.7,86,151,69.8,87,260,347,133,63,49,171,198,587
Malone University Pioneers,0,1,0,0,93.5,1,245,40,87,57.1,31,54,69.7,12,33,36.3,11,17,78.9,20,32,52,13,3,0,21,28,102
Manhattan Jaspers,7,13,6,12,1672.1,20,5063,539,1429,46.3,398,896,54.5,141,534,32.4,337,507,81.7,312,580,892,288,189,91,341,556,1556
Marist Red Foxes,12,9,10,8,1734.8,22,5460,610,1429,52.4,420,829,62.1,190,600,38.9,302,442,83.8,201,744,945,297,147,107,373,472,1712
Marquette Golden Eagles,13,14,8,11,2211.6,27,6653,811,1821,54.6,591,1140,63.7,220,681,39.6,469,638,90.2,317,885,1201,409,168,123,448,571,2310
Mars Hill Lions,0,1,0,0,85.9,1,245,23,77,37.1,17,54,39.0,8,23,32.3,11,12,85.9,16,22,38,11,8,8,22,20,61
Marshall Thundering Herd,15,7,9,5,1956.7,22,5433,806,1697,58.3,556,1001,68.1,250,696,44.2,297,410,89.0,225,729,953,429,211,140,308,409,2157
Mount Marty Lancers,0,2,0,0,171.8,2,491,43,146,36.1,25,72,41.6,18,74,30.7,11,17,78.9,13,48,61,26,11,9,32,33,115
Maryland Terrapins,16,13,9,11,2295.4,29,7108,858,1881,56.0,571,1067,65.5,287,814,43.3,445,633,86.3,231,953,1184,472,178,120,389,529,2448
Massachusetts-Lowell River Hawks,11,12,7,8,1915.7,23,5645,687,1521,55.5,503,990,62.3,184,531,42.5,374,566,81.2,247,728,974,328,141,109,400,575,1933
McKendree Bearcats,0,2,0,0,173.0,2,492,60,145,50.9,37,80,56.7,23,65,43.9,21,31,83.4,26,44,70,25,20,8,40,32,164
McMurry War Hawks,0,4,0,0,366.3,4,979,108,274,48.5,74,168,53.7,34,106,40.0,26,60,52.6,44,107,151,56,25,18,110,106,276
McNeese State Cowboys,10,14,4,10,2135.9,24,5890,881,1787,60.5,631,1141,67.9,250,645,47.6,352,512,84.4,313,787,1099,544,211,60,423,503,2364
Mercer Bears,18,11,8,9,2467.6,29,7237,1021,2133,58.8,714,1307,67.0,307,826,45.5,382,531,88.1,309,983,1292,588,245,106,433,546,2730
Merrimack College Warriors,9,9,9,9,1474.8,18,4448,533,1187,55.1,378,698,66.4,155,488,38.9,244,368,81.4,152,530,682,265,177,83,287,374,1464
Mary Hardin-Baylor Crusaders,0,2,0,0,187.4,2,490,52,134,47.2,38,86,54.4,13,48,34.6,28,44,78.4,25,59,83,21,13,3,56,47,145
Morehead State Eagles,23,7,17,3,2454.0,30,7410,906,1964,56.6,664,1275,63.9,242,690,43.1,481,706,83.7,378,999,1377,469,162,184,551,530,2534
Miami (FL) Hurricanes,10,17,4,15,2212.5,27,6653,794,1869,52.1,610,1244,60.1,184,625,36.2,429,614,85.9,315,843,1158,375,220,128,411,407,2201
Miami (OH) RedHawks,12,11,9,8,1869.8,23,5674,734,1681,53.5,492,1017,59.4,242,664,44.7,331,427,95.2,277,701,978,341,126,71,296,476,2041
Michigan Wolverines,20,4,14,3,1943.6,24,5668,820,1696,59.3,598,1121,65.4,222,574,47.5,382,491,95.5,269,834,1103,456,130,125,314,434,2245
Midwestern State Mustangs,0,1,0,0,81.3,1,245,28,65,53.3,20,34,70.1,11,31,34.4,22,27,100.4,18,27,45,17,5,5,22,28,87
Minnesota Golden Gophers,14,15,6,14,2477.9,29,6956,864,2201,48.1,610,1306,57.3,254,896,34.8,599,809,90.9,417,892,1309,490,225,164,380,660,2580
Ole Miss Rebels,16,11,10,8,2183.5,27,6653,831,1881,54.2,658,1303,62.0,173,578,36.7,455,648,86.3,402,811,1214,406,254,126,438,563,2290
Missouri Tigers,16,9,8,8,2126.7,25,6185,793,1766,55.1,580,1103,64.5,212,663,39.3,461,661,85.6,304,790,1094,405,206,108,402,606,2259
Mobile Rams,0,3,0,0,251.6,3,736,79,217,44.4,36,103,42.3,43,114,46.1,23,43,66.6,39,85,124,40,13,11,54,71,223
Monmouth Hawks,12,8,12,6,1825.3,20,4998,636,1504,51.9,447,984,55.7,189,520,44.5,406,574,86.7,243,676,919,344,204,86,317,509,1866
Montana State Bobcats,13,10,8,6,1979.9,23,5730,719,1593,55.3,545,1064,62.8,174,529,40.4,477,632,92.6,245,712,957,312,156,64,350,529,2090
Montana Grizzlies,15,13,7,9,2325.1,28,6958,855,1858,56.4,666,1336,61.2,189,521,44.4,531,680,96.0,265,876,1141,437,168,88,442,677,2431
Morgan State Bears,14,8,7,5,2043.2,22,5447,745,1720,53.1,520,1064,60.0,225,656,42.0,460,621,90.9,362,704,1066,404,212,102,422,566,2153
Missouri Science & Technology Miners,0,1,0,0,88.0,1,245,20,80,30.2,9,32,28.3,12,48,31.4,11,16,66.0,16,23,39,12,11,2,18,28,60
Memphis Tigers,16,8,11,4,2083.0,24,5882,767,1741,54.0,547,1121,59.9,220,620,43.4,369,595,76.2,360,815,1174,472,266,144,471,573,2123
Mercyhurst Lakers,0,1,0,0,87.0,1,244,28,76,45.5,20,48,50.3,11,28,37.3,13,16,103.8,12,26,36,12,12,2,15,16,79
Mt. St. Joseph Lions,0,3,0,0,227.1,3,736,72,174,50.9,50,104,59.1,22,70,38.8,26,38,83.1,12,64,76,40,17,11,50,50,193
Mississippi State Bulldogs,15,14,8,10,2367.3,29,7225,917,2034,55.3,731,1481,60.6,185,553,41.1,432,669,79.3,447,951,1398,460,226,166,509,552,2450
Missouri State Bears,17,7,12,6,1972.9,24,5875,782,1634,58.7,561,1002,68.6,221,632,42.9,378,509,91.0,233,855,1088,399,137,85,363,453,2162
Michigan State Spartans,15,12,9,11,2222.4,27,6618,821,1933,52.1,610,1274,58.8,211,659,39.3,437,606,88.5,361,885,1245,525,151,155,413,656,2287
Mount St. Mary's Mountaineers,12,10,9,7,1697.3,22,5456,623,1465,52.1,444,933,58.4,179,533,41.2,294,434,83.2,293,714,1007,315,119,112,337,402,1720
Mississippi Valley State Delta Devils,2,22,2,13,2136.4,24,5886,589,1650,43.8,326,852,47.0,263,799,40.4,233,407,70.2,206,714,920,325,135,87,499,525,1674
Mount Aloysius Mounties,0,1,0,0,76.2,1,245,23,58,49.6,13,31,54.0,12,27,44.7,8,12,76.7,5,20,23,13,6,0,20,29,63
Middle Tennessee Blue Raiders,5,18,3,13,1951.0,23,5728,639,1650,47.5,428,1000,52.5,211,650,39.9,292,429,83.4,279,672,951,285,202,64,422,477,1750
Murray State Racers,13,13,10,10,2169.5,26,6407,929,1866,61.1,669,1160,70.8,260,707,45.2,319,475,82.5,297,855,1152,534,215,112,416,530,2437
North Alabama Lions,13,11,7,8,2064.2,24,5947,766,1787,52.6,530,1088,59.8,236,698,41.3,388,520,91.4,323,823,1146,335,173,94,394,519,2155
Northern Arizona Lumberjacks,6,16,4,10,1726.8,22,5426,620,1469,51.8,449,982,56.2,171,487,42.9,296,447,81.2,218,552,771,292,147,42,303,485,1706
Navy Midshipmen,15,3,12,1,1469.4,18,4480,572,1277,55.0,436,861,62.1,136,416,40.1,299,422,87.0,250,525,775,272,180,53,252,369,1579
Newberry Indians,0,1,0,0,87.2,1,245,40,88,56.2,21,55,46.4,20,33,72.8,3,3,122.7,13,20,33,18,6,2,13,26,103
North Carolina Tar Heels,18,10,10,6,2411.1,28,6865,952,2161,54.1,760,1552,60.0,193,609,38.9,503,753,82.0,545,937,1482,531,248,162,496,579,2600
UNC Asheville Bulldogs,10,10,9,5,1705.3,20,4995,672,1412,58.4,475,860,67.7,198,552,43.9,259,427,74.4,228,593,821,312,172,107,353,452,1801
North Carolina A&T Aggies,11,10,7,1,1873.7,21,5184,660,1564,51.8,491,1040,57.9,169,524,39.6,372,571,80.0,283,611,894,345,225,69,347,450,1861
North Carolina Central Eagles,5,9,3,5,1187.5,14,3541,417,1000,51.2,298,642,57.1,119,358,40.7,229,328,85.9,161,387,547,209,125,50,247,364,1156
UNCG Spartans,21,8,13,5,2444.8,29,7141,985,2324,52.0,714,1421,61.7,271,903,36.8,378,553,83.8,463,939,1401,434,265,133,375,644,2620
Northern Colorado Bears,11,11,6,8,1843.5,22,5432,674,1499,55.1,428,853,61.6,245,647,46.6,310,466,81.7,217,713,930,294,117,72,369,487,1903
North Carolina State Wolfpack,13,10,9,8,1893.1,23,5659,756,1614,57.4,566,1094,63.4,190,519,44.9,364,518,86.4,282,636,918,363,234,126,352,454,2066
UNCW Seahawks,7,10,1,6,1442.2,17,4198,542,1240,53.6,385,785,60.2,157,455,42.3,350,456,94.0,196,472,669,252,128,74,225,375,1591
North Carolina Wesleyan Battling Bishops,0,5,0,0,432.8,5,1227,135,304,54.5,113,226,61.4,22,79,34.5,72,124,71.7,44,129,173,64,31,16,121,133,364
Notre Dame Fighting Irish,11,15,7,11,2099.7,26,6120,833,1815,56.3,544,1027,64.9,290,788,45.2,363,470,94.8,229,837,1066,475,135,125,324,409,2319
North Dakota Fighting Hawks,9,17,8,8,2176.3,26,6227,764,1784,52.5,531,1092,59.8,233,692,41.3,431,617,85.6,264,772,1036,375,164,67,401,550,2193
North Dakota State Bison,15,12,11,5,2174.6,27,6766,828,1861,54.6,601,1198,61.6,227,664,42.0,469,618,93.0,314,910,1225,352,131,86,402,539,2310
Northeastern Huskies,10,9,8,2,1562.8,19,4691,561,1280,53.7,362,718,61.8,199,562,43.4,247,334,90.7,156,607,763,288,145,54,297,367,1567
Nebraska Cornhuskers,7,20,3,16,2379.3,27,6648,825,1969,51.4,544,1129,59.1,281,840,41.0,391,612,78.4,294,904,1199,453,237,108,454,580,2318
Omaha Mavericks,5,20,3,11,2162.6,25,6152,767,1836,51.3,604,1348,55.0,163,487,41.1,368,535,84.4,263,784,1047,290,173,92,390,580,2065
Northeastern State RiverHawks,0,1,0,0,94.4,1,244,32,67,58.0,20,32,75.5,12,36,42.3,15,26,70.1,8,23,29,21,15,2,21,21,91
Nevada Wolf Pack,16,10,10,7,2365.5,26,7110,920,2067,54.6,634,1258,61.8,286,810,43.3,633,822,94.5,261,877,1139,598,212,94,458,671,2351
Newman Jets,0,1,0,0,96.0,1,0,22,82,33.0,18,54,41.8,5,28,16.0,6,12,49.1,15,33,48,9,12,0,23,16,53
North Florida Ospreys,8,15,6,6,1890.3,23,5641,699,1573,54.6,418,806,63.7,281,767,44.9,285,399,87.6,250,674,924,363,125,93,406,474,1964
North Georgia Saints,0,3,0,0,260.5,3,664,69,205,41.1,50,126,48.8,18,79,28.7,27,38,87.1,25,81,106,37,26,5,50,65,212
New Hampshire Wildcats,10,9,9,6,1563.2,19,4788,564,1399,49.6,402,893,55.3,162,506,39.3,308,447,84.7,252,615,866,274,131,67,245,432,1568
Niagara Purple Eagles,9,11,7,9,1571.4,20,4908,550,1348,50.1,393,847,56.9,157,502,38.4,330,466,86.9,198,573,771,290,144,48,232,417,1587
Nicholls Colonels,18,7,14,2,2406.7,25,6933,1023,2258,55.6,728,1335,66.9,296,923,39.3,391,591,81.2,336,837,1173,498,304,103,434,594,2405
Northern Illinois Huskies,3,16,2,12,1547.7,19,4691,560,1402,49.0,432,1009,52.5,128,394,39.8,206,335,75.5,301,544,844,250,135,80,309,420,1453
UNI Panthers,10,15,7,11,2081.3,25,6193,794,1793,54.4,566,1091,63.7,228,702,39.9,317,464,83.8,287,805,1092,404,198,79,385,466,2133
NJIT Highlanders,7,12,6,10,1563.4,19,4724,540,1335,49.6,394,856,56.4,146,479,37.4,315,456,84.8,207,524,731,222,156,52,248,412,1541
Northern Kentucky Norse,14,11,11,7,2019.6,25,6245,810,1818,54.6,590,1099,65.9,220,719,37.4,355,503,86.5,374,694,1069,364,198,50,377,513,2189
New Mexico Lobos,6,16,2,15,1841.3,22,5444,660,1599,50.7,531,1130,57.7,129,469,33.7,313,523,73.5,357,672,1029,340,155,107,383,487,1762
New Mexico State Aggies,12,8,7,6,1672.4,20,5477,656,1563,51.5,412,802,63.1,244,761,39.4,358,493,89.1,292,596,888,360,141,59,304,482,1745
New Orleans Privateers,10,15,8,7,2271.2,25,6196,863,1811,58.4,694,1299,65.5,168,512,40.4,437,593,90.4,301,779,1080,480,233,86,497,640,2330
Norfolk State Spartans,16,7,8,4,2014.5,23,5695,725,1664,53.5,504,1065,58.2,221,599,45.3,452,639,86.6,294,748,1043,346,180,93,361,556,2123
North Texas Mean Green,17,9,9,5,2154.2,26,7056,919,1903,59.3,643,1184,66.6,276,719,47.1,379,520,89.4,275,789,1064,445,237,123,438,564,2227
Northwestern Wildcats,9,15,6,13,2008.5,24,5936,745,1719,53.1,499,1025,59.8,245,694,43.3,334,465,88.1,221,769,990,432,182,77,331,520,2069
Northwest University Eagles,0,6,0,0,528.0,6,1469,144,431,40.9,101,274,45.2,43,157,33.5,48,83,70.4,72,157,229,87,48,15,136,160,378
Northwest Nazarene Crusaders,1,0,0,0,82.6,1,204,28,59,58.8,21,43,59.6,9,16,56.7,11,12,85.9,11,21,29,18,11,9,17,21,92
Northwestern State Demons,11,18,9,7,2607.9,29,7173,945,2194,52.9,687,1454,58.0,258,740,42.7,437,650,82.5,364,898,1263,461,248,104,497,667,2584
Oakland Golden Grizzlies,12,18,10,10,2625.4,30,7598,948,2276,51.2,631,1321,58.5,318,955,40.9,534,756,86.6,425,869,1293,545,304,69,448,541,2748
Oakwood Ambassadors,0,1,0,0,86.4,1,245,32,74,53.1,18,43,52.6,13,31,54.0,13,23,71.0,11,29,40,9,5,2,13,21,91
Ohio Bobcats,16,7,9,5,1980.2,23,5644,842,1721,60.0,602,1059,69.8,239,663,44.3,360,513,86.0,277,706,983,506,191,60,323,454,2282
Ohio State Buckeyes,21,8,12,8,2393.7,30,7409,969,2110,56.3,666,1280,63.9,303,831,44.8,609,798,93.6,358,974,1333,480,169,126,366,681,2847
Oklahoma Sooners,15,10,9,8,2109.3,25,6229,822,1863,54.1,577,1136,62.3,245,726,41.5,404,542,91.3,303,810,1113,412,228,106,323,443,2293
Oklahoma State Cowboys,20,8,11,7,2509.0,28,7017,951,2033,57.4,731,1384,64.8,220,649,41.5,526,739,87.5,379,946,1325,453,250,150,537,577,2648
Old Dominion Monarchs,15,8,11,5,1891.7,23,5672,719,1604,55.0,580,1123,63.4,139,481,35.3,351,507,84.9,275,741,1016,339,210,106,344,448,1928
Olivet College Comets,0,2,0,0,203.3,2,472,55,140,48.5,32,71,55.0,23,69,41.6,27,40,81.8,15,69,83,28,16,2,55,47,161
Our Lady of the Lake Saints,1,9,0,0,964.9,10,1957,298,812,45.0,232,548,51.9,66,264,30.8,160,218,89.6,108,279,387,114,85,21,162,239,810
Overland Park Kansas Christian Falcons,0,1,0,0,83.9,1,245,15,55,32.8,12,32,47.2,3,23,12.9,12,22,68.2,11,22,31,12,8,3,29,18,44
Oral Roberts Golden Eagles,16,10,10,5,2292.7,26,6382,901,1984,55.7,540,1060,62.5,361,924,47.9,447,542,101.1,269,854,1123,404,204,130,360,566,2609
Oregon Ducks,20,6,14,4,2113.7,26,6357,877,1858,57.9,610,1152,64.9,267,706,46.5,352,499,86.5,292,762,1054,425,238,115,351,499,2373
Oregon State Beavers,17,12,10,10,2309.0,29,7174,874,2009,53.4,625,1303,58.8,249,706,43.3,520,686,93.0,367,832,1199,523,216,118,389,671,2514
Pacific Tigers,9,9,6,7,1515.6,18,4504,588,1340,53.9,474,960,60.6,114,380,36.8,252,372,83.1,225,539,763,277,141,74,254,411,1541
Penn State Nittany Lions,11,14,7,12,2076.4,25,5952,782,1917,50.1,510,1114,56.2,271,802,41.5,394,534,90.6,374,746,1120,395,221,67,324,547,2228
Pepperdine Waves,12,12,7,6,2125.0,24,6005,798,1750,56.0,591,1110,65.4,206,639,39.5,444,569,95.7,239,784,1023,467,184,87,387,566,2245
Piedmont Lions,0,2,0,0,187.3,2,488,54,158,41.8,36,98,44.4,18,60,37.5,23,43,66.6,23,60,83,25,12,6,40,49,150
Pittsburgh Panthers,10,12,6,10,1799.4,22,5394,680,1573,53.0,503,1052,58.7,177,521,41.6,385,580,81.5,342,693,1036,393,163,102,325,467,1921
Portland Pilots,6,15,0,11,1844.2,21,5168,599,1456,50.4,411,903,55.8,188,553,41.6,405,523,95.1,169,567,736,307,162,75,344,417,1790
Portland State Vikings,9,13,6,8,1920.9,22,5687,691,1757,48.2,494,1085,56.0,196,672,35.8,387,573,82.8,350,665,1015,331,233,81,390,567,1855
Point Park Pioneers,0,4,0,0,347.8,4,973,80,255,38.3,53,142,45.5,27,113,29.3,45,64,87.4,50,121,172,36,26,17,112,90,232
Paul Quinn Tigers,0,1,0,0,82.8,1,245,17,65,32.4,17,53,40.0,0,12,0.0,11,12,85.9,12,34,47,13,12,3,26,17,43
Presbyterian Blue Hose,7,15,5,12,1766.2,22,5459,612,1477,50.8,455,963,58.0,157,514,37.4,350,510,84.0,307,601,908,290,190,58,395,544,1731
Providence Friars,13,13,9,10,2128.7,26,6250,806,1876,52.8,605,1247,59.5,201,629,39.3,415,593,85.9,337,801,1139,429,180,96,357,541,2228
Purdue Northwest Pride,0,3,0,0,277.8,3,733,102,244,51.2,76,171,54.7,26,74,42.9,28,47,74.2,56,81,137,63,32,11,72,81,258
Purdue Boilermakers,18,9,13,6,2159.3,27,6649,845,1874,55.3,610,1171,63.9,236,703,41.1,429,604,87.2,361,885,1245,474,173,113,394,580,2356
Prairie View A&M Panthers,16,5,13,0,1798.9,21,5148,699,1561,55.0,529,999,64.9,171,562,37.2,275,421,80.1,288,618,907,409,248,109,348,539,1837
Quincy Hawks,0,2,0,0,176.6,2,491,52,140,45.2,33,76,53.4,18,64,35.3,12,17,87.6,12,55,65,33,5,15,40,40,134
Queens NC Royals,1,2,0,0,252.6,3,715,98,226,53.4,80,175,55.8,18,50,44.9,40,69,72.3,59,82,141,40,37,9,48,64,259
Quinnipiac Bobcats,9,13,7,10,1969.6,23,5488,620,1544,49.2,412,903,56.1,207,640,39.8,375,546,84.4,209,764,973,342,151,123,373,515,1897
Radford Highlanders,15,12,12,6,2129.6,27,6753,790,1729,56.1,596,1109,66.0,194,620,38.4,466,685,83.6,364,861,1226,369,201,59,471,521,2241
Rhode Island Rams,10,15,7,10,2145.7,25,6005,779,1762,54.2,604,1200,61.7,175,562,38.3,458,685,82.0,325,850,1175,372,200,140,422,545,2191
Rhode Island College Anchormen,0,1,0,0,117.4,1,244,43,101,52.4,36,65,67.1,9,36,25.4,11,17,61.4,18,31,49,18,9,6,31,31,102
Rice Owls,15,13,6,10,2418.5,28,6853,897,2039,54.0,546,1058,63.3,351,982,43.9,393,540,89.2,324,945,1269,515,187,72,487,479,2537
Richmond Spiders,13,8,6,5,1768.0,21,5155,706,1488,58.2,514,947,66.6,191,541,43.4,329,450,89.6,166,614,779,373,228,54,265,393,1931
Rider Broncs,6,17,5,13,1892.7,23,5672,692,1617,52.5,514,1113,56.7,178,504,43.3,344,469,89.9,253,686,939,348,144,58,337,529,1906
Robert Morris Colonials,4,15,3,12,1645.9,19,4847,636,1434,54.4,461,951,59.5,174,483,44.2,240,367,80.5,254,539,793,367,152,70,303,427,1686
Rochester (MI) Warriors,0,1,0,0,97.5,1,245,21,66,38.7,13,36,46.5,9,31,29.4,12,21,72.1,12,38,50,12,11,3,28,17,61
Rogers State Hillcats,0,1,0,0,91.8,1,245,26,72,43.7,18,47,48.5,9,26,35.1,18,27,83.7,11,32,43,13,6,2,17,25,77
Regis Rangers,0,2,0,0,172.2,2,491,61,162,46.5,45,99,56.1,16,63,31.3,13,21,79.4,16,49,65,26,15,5,22,40,152
Rust College Bearcats,0,1,0,0,95.4,1,44,25,81,37.2,18,53,42.8,8,28,26.6,13,17,96.4,9,31,38,5,0,3,9,22,55
Rutgers Scarlet Knights,15,11,10,10,2141.7,26,6395,854,1894,55.3,661,1275,63.7,193,620,38.2,331,524,77.5,312,815,1126,440,249,167,345,563,2232
Sacred Heart Pioneers,9,9,9,7,1493.5,18,4509,529,1285,50.6,353,752,57.7,175,533,40.4,319,431,90.9,240,553,794,296,108,47,271,367,1552
Sacramento State Hornets,8,12,5,9,1630.6,20,4990,652,1420,56.3,488,975,61.5,163,444,45.0,304,448,83.3,229,545,774,313,169,55,245,438,1771
SAGU American Indian College Warriors,0,2,0,0,174.6,2,492,44,148,36.6,31,86,43.8,13,63,26.5,21,37,69.6,22,39,61,12,16,3,37,52,123
South Alabama Jaguars,17,11,10,7,2339.0,28,6961,877,1989,54.1,563,1121,61.6,314,867,44.4,477,665,88.1,330,892,1222,385,245,112,395,533,2546
Salem Tigers,0,1,0,0,89.9,1,247,33,88,46.0,15,38,47.5,18,50,44.9,11,11,95.5,15,31,45,18,16,2,12,13,93
Samford Bulldogs,6,13,2,9,1738.2,19,4753,664,1494,54.5,479,901,65.2,185,594,38.3,279,406,84.2,272,654,926,347,158,58,368,486,1791
Santa Clara Broncos,12,8,4,5,1736.1,20,4901,596,1374,53.3,461,934,60.6,135,440,37.5,382,558,83.9,201,690,891,294,107,96,315,437,1709
South Carolina Gamecocks,6,15,4,12,1883.8,21,5146,694,1674,50.9,520,1102,57.9,174,572,37.4,306,467,80.2,336,590,926,344,216,94,377,492,1869
South Carolina State Bulldogs,1,17,1,7,1553.7,18,4420,493,1265,47.9,342,791,53.1,151,474,39.1,217,353,75.5,220,471,691,218,130,63,357,413,1352
USC Upstate Spartans,5,18,5,11,1898.8,23,5644,660,1557,52.0,450,934,59.1,210,623,41.3,329,456,88.3,229,650,880,340,175,70,387,523,1859
San Diego Toreros,3,11,2,7,1224.4,14,3221,432,1039,51.0,331,708,57.4,101,331,37.3,173,266,79.8,137,438,575,226,115,59,213,309,1137
South Dakota Coyotes,14,11,11,4,2100.7,25,6134,827,1764,57.5,599,1178,62.3,228,587,47.7,448,573,96.0,221,847,1067,428,140,75,317,573,2330
San Diego Christian Hawks,0,3,0,0,279.6,3,733,74,225,40.2,53,125,51.8,21,99,25.8,25,40,74.4,31,70,101,31,23,6,66,55,193
South Dakota State Jackrabbits,16,7,9,3,1975.7,23,5638,804,1614,61.1,577,1052,67.2,227,562,49.6,436,609,87.9,220,789,1009,401,156,87,333,454,2270
San Diego State Aztecs,23,4,14,3,2198.3,27,6405,853,1876,55.8,572,1126,62.3,281,750,46.0,467,647,88.7,324,866,1190,459,274,94,355,615,2454
Seattle Redhawks,12,11,4,5,1976.4,23,5665,728,1750,51.0,499,1022,60.0,228,728,38.5,374,510,89.9,292,660,952,324,185,98,291,534,2058
Southeastern Louisiana Lions,8,18,5,10,2273.9,26,6472,725,1838,48.5,508,1093,57.1,217,745,35.8,510,753,83.2,385,703,1088,320,221,79,490,625,2178
Southeast Missouri State Redhawks,11,16,9,11,2300.8,27,6811,773,1801,52.6,521,1087,58.9,252,714,43.2,490,730,82.3,315,844,1160,459,226,79,499,629,2287
Seton Hall Pirates,14,13,10,9,2211.7,27,6701,826,1871,54.1,605,1183,62.7,221,688,39.4,488,667,89.8,339,816,1155,426,209,145,416,542,2361
San Francisco Dons,11,14,4,9,2089.9,25,5636,794,1856,52.5,476,924,63.2,318,933,41.8,286,398,88.2,277,745,1022,362,217,99,342,591,2191
Stephen F. Austin Lumberjacks,16,5,12,3,1843.7,21,5211,763,1466,63.9,640,1102,71.3,123,364,41.3,420,617,83.4,301,621,921,406,244,90,411,514,2069
South Florida Bulls,9,13,4,10,1792.2,22,5412,633,1567,49.6,464,1049,54.2,169,518,40.1,342,537,78.2,346,674,1020,308,142,76,348,464,1778
LSU-Shreveport Pilots,0,1,0,0,92.4,1,244,33,90,45.4,22,52,52.6,11,38,35.6,12,15,102.2,15,27,42,13,12,5,11,15,90
Siena Saints,12,5,12,4,1348.1,17,4171,506,1098,56.4,373,713,64.2,133,385,42.2,270,410,80.9,187,542,729,264,115,69,255,325,1410
Southern Illinois Salukis,12,14,5,13,2073.8,26,6439,753,1672,55.2,496,985,61.7,258,687,46.0,326,491,81.6,171,777,947,432,196,59,367,454,2091
Simpson University (CA) Red Hawks,0,1,0,0,92.0,1,244,31,67,55.8,22,44,61.4,11,23,45.2,11,18,73.6,9,29,37,13,8,2,23,17,81
SIUE Cougars,9,17,7,12,2163.4,26,6373,760,1721,54.1,568,1120,62.2,191,601,39.0,387,568,83.4,285,763,1048,413,188,148,486,537,2097
San Jose State Spartans,5,16,3,13,1826.0,21,5148,605,1541,48.2,412,935,54.1,193,606,39.0,292,447,80.2,212,675,887,261,121,70,319,428,1694
Saint Katherine College Firebirds,0,10,0,0,862.3,10,2427,209,676,37.9,155,438,43.3,54,238,27.9,85,129,80.6,109,261,371,125,70,13,226,180,556
Sam Houston State Bearkats,19,9,13,3,2511.6,28,6860,978,2157,55.6,665,1280,63.8,313,877,43.8,466,674,84.9,393,874,1266,534,291,108,474,693,2735
SMU Mustangs,11,5,7,4,1350.7,16,3917,521,1157,55.3,374,723,63.6,147,434,41.6,264,362,89.4,207,521,729,296,123,88,266,341,1454
Southern Miss Golden Eagles,8,17,4,13,2057.6,25,6151,740,1714,53.0,575,1198,59.0,164,517,39.0,325,481,82.9,259,820,1079,372,182,64,412,488,1969
Southern University Jaguars,8,11,8,6,1674.5,19,4756,571,1321,53.0,443,926,58.7,128,395,39.6,360,535,82.5,239,607,847,328,190,60,358,480,1628
Spring Hill Badgers,0,1,0,0,115.7,1,281,37,96,47.2,28,64,54.2,11,32,33.0,13,17,96.4,13,31,44,21,11,3,28,33,90
St. Ambrose Fighting Bees,0,2,0,0,188.2,2,491,52,155,40.9,37,92,49.1,15,63,28.8,12,20,76.7,29,66,96,22,12,8,54,42,130
Stanford Cardinal,14,13,10,10,2288.8,27,6737,832,1793,56.9,654,1239,64.8,178,553,39.5,469,654,88.0,256,854,1110,407,234,114,469,550,2310
St. Andrews Presbyterian Knights,0,3,0,0,286.7,3,735,76,198,47.2,55,139,48.8,21,59,43.4,48,76,77.2,28,93,121,25,27,3,83,65,221
St. Bonaventure Bonnies,15,4,11,4,1640.5,20,5599,747,1680,54.6,546,1123,59.6,201,557,44.3,325,450,88.6,282,639,921,404,168,97,287,416,1730
Stony Brook Seawolves,9,14,7,9,1904.3,23,5866,680,1645,50.7,508,1064,58.7,172,582,36.2,377,552,83.7,321,752,1074,346,162,144,387,492,1867
St. Louis College of Pharmacy Eutectic,0,1,0,0,86.4,1,247,18,77,29.2,11,38,27.7,12,39,30.7,11,20,53.7,17,23,40,12,13,0,18,21,55
Stetson Hatters,11,14,7,9,2067.7,25,6163,788,1804,53.6,498,1040,58.8,290,763,46.5,344,492,85.6,319,751,1070,431,218,83,388,496,2209
St. Francis Brooklyn Terriers,9,10,9,9,1680.8,19,4693,665,1491,54.7,520,1054,60.6,145,437,40.6,336,458,90.2,265,579,844,333,188,81,270,470,1811
Saint Francis U Red Flash,6,16,5,13,1857.6,22,5454,664,1552,52.5,506,1040,59.6,158,512,37.9,373,523,87.6,280,676,956,347,153,58,364,464,1859
St. Francis (IL) Fighting Saints,0,2,0,0,172.0,2,492,44,139,39.1,36,97,45.0,11,42,25.3,18,27,83.7,28,48,76,16,17,6,52,45,115
Saint Joseph's Hawks,5,15,3,9,1820.7,20,5048,621,1519,50.2,387,772,61.5,234,747,38.5,294,406,89.0,206,622,828,352,147,44,339,439,1771
St. John's Red Storm,16,11,10,9,2435.1,27,6712,957,2141,54.8,712,1429,61.1,245,712,42.3,459,612,91.9,371,821,1191,540,301,129,417,605,2616
Saint Louis Billikens,14,6,6,4,1654.7,20,4909,686,1479,56.9,525,1022,63.1,161,456,43.2,317,450,86.3,309,645,955,433,174,77,291,417,1849
St. Mary's (MD) Seahawks,0,4,0,0,353.4,4,979,97,271,43.8,71,179,48.7,26,92,34.4,25,40,74.4,39,115,155,32,31,8,97,72,244
St. Mary's (TX) Rattlers,0,1,0,0,91.4,1,245,25,66,45.4,15,39,46.0,12,27,44.7,23,38,75.2,13,20,33,13,15,5,21,31,82
Saint Mary's Gaels,14,9,4,6,1817.1,23,5627,660,1569,51.7,487,978,61.1,173,591,36.0,317,434,89.4,243,725,968,296,174,88,299,475,1810
St Martins Saints,0,2,0,0,178.3,2,491,55,153,44.2,33,98,41.5,22,55,49.1,18,29,76.7,26,59,85,31,11,11,33,53,151
Saint Peter's Peacocks,14,11,10,8,2033.1,25,6136,681,1701,49.1,492,1115,54.1,189,585,39.6,388,556,85.6,337,801,1139,360,247,163,434,614,1939
Sul Ross State Lobos,0,2,0,0,182.2,2,488,59,150,48.2,34,77,54.5,25,72,41.6,13,22,75.0,16,60,76,34,12,2,40,32,156
Southern Utah Thunderbirds,20,4,12,2,2151.6,25,5904,858,1810,58.2,599,1052,69.8,259,758,41.8,506,676,91.8,324,837,1161,415,206,77,345,497,2539
Southern Virginia Knights,0,1,0,0,81.5,1,244,20,64,37.8,11,31,34.4,11,33,40.9,12,18,81.8,8,26,32,12,3,2,17,18,63
Southwest Adventist Knights,0,2,0,0,182.0,2,492,33,117,34.8,23,72,39.5,12,44,27.2,11,13,78.0,13,36,49,17,11,5,69,28,85
SW Christian University Eagles,0,2,0,0,193.4,2,490,38,152,30.7,22,86,31.5,16,66,29.6,34,47,90.4,18,59,77,18,18,5,38,45,126
Southern Wesleyan Warriors,1,2,0,0,269.0,3,736,91,217,51.3,56,114,60.7,34,103,40.9,49,80,75.5,31,88,119,53,20,9,54,58,265
Syracuse Orange,16,9,9,7,2092.0,25,6167,831,1885,54.1,582,1144,62.5,249,741,41.2,416,530,96.3,336,766,1102,466,267,150,325,445,2326
Texas A&M-International Dustdevils,0,2,0,0,171.7,2,491,39,147,32.8,28,96,36.2,11,52,26.3,38,61,76.1,37,66,103,17,12,3,36,50,128
Texas A&M-Corpus Christi Islanders,5,19,2,13,2045.8,24,5886,665,1590,51.3,477,1022,57.3,188,568,40.5,389,567,84.2,254,746,1000,378,202,91,480,523,1907
Tarleton State Texans,10,10,5,7,1653.6,20,4977,660,1400,57.9,525,1042,61.8,135,358,46.3,372,514,88.7,218,566,784,368,260,66,260,490,1800
TCU Horned Frogs,12,14,5,11,2134.3,26,6160,767,1752,53.7,552,1117,60.7,215,636,41.5,382,568,82.5,314,793,1107,413,193,110,431,499,2133
Temple Owls,5,11,4,10,1300.7,16,3923,427,1065,49.2,286,653,53.7,141,412,42.0,297,415,87.9,182,530,712,263,82,48,248,345,1292
Tennessee Volunteers,18,8,10,7,2133.8,26,6342,811,1829,54.4,599,1201,61.1,212,628,41.5,479,642,91.5,345,801,1146,480,231,157,382,525,2313
Tennessee State Tigers,4,19,3,17,2016.3,23,5709,697,1647,51.9,528,1058,61.2,169,589,35.3,367,537,83.8,264,688,952,329,209,90,417,587,1930
Tennessee Tech Golden Eagles,5,22,5,15,2300.8,27,6734,821,1896,53.1,561,1087,63.3,260,809,39.5,345,509,83.1,301,814,1114,475,222,76,513,533,2205
UT Martin Skyhawks,8,16,6,14,1986.0,24,5934,682,1709,49.0,480,1102,53.4,202,607,40.9,361,502,88.2,319,633,952,355,211,76,395,526,1928
Toccoa Falls Eagles,0,4,0,0,356.5,4,979,88,270,40.1,54,160,41.5,34,110,38.2,48,77,76.0,33,103,136,39,31,8,86,81,259
Toledo Rockets,21,8,15,4,2482.1,29,6942,1017,2220,56.2,639,1217,64.4,378,1002,46.3,492,632,95.6,380,964,1345,566,216,86,384,545,2904
Towson Tigers,4,14,3,9,1452.0,18,4482,533,1294,50.4,422,913,56.7,110,382,35.5,314,432,89.2,276,540,816,209,110,61,255,390,1490
Trevecca Nazarene Trojans,0,1,0,0,82.5,1,245,22,69,39.4,15,44,40.9,9,25,36.8,5,6,92.0,9,37,44,15,5,8,18,13,55
Troy Trojans,11,17,4,12,2468.7,28,7315,877,2153,49.9,661,1372,59.1,216,782,33.9,510,747,83.8,371,925,1296,398,215,125,521,645,2244
Truman State Bulldogs,0,1,0,0,94.6,1,245,31,72,52.0,16,44,44.3,15,28,64.0,6,6,122.7,6,38,43,17,5,5,26,25,81
Tulane Green Wave,10,13,4,12,1851.9,23,5636,596,1558,47.0,411,935,54.0,185,623,36.4,426,571,91.5,234,688,923,330,212,87,290,442,1804
Tulsa Golden Hurricane,11,12,7,9,1869.8,23,5631,694,1550,55.0,499,930,65.9,195,620,38.7,346,510,83.2,248,707,955,401,179,56,362,464,1930
Transylvania Pioneers,0,5,0,0,416.0,5,1226,118,335,43.2,72,191,46.4,45,144,38.8,37,63,72.1,44,123,167,59,34,13,101,102,318
Tusculum Pioneers,0,1,0,0,90.0,1,245,29,74,49.1,25,48,62.9,6,26,23.3,12,22,68.2,9,29,37,11,5,3,15,18,76
Tuskegee Golden Tigers,0,1,0,0,90.2,1,245,22,69,39.4,11,31,44.2,11,38,35.6,23,36,80.4,16,27,43,11,2,5,21,37,79
Texas Longhorns,19,7,11,6,2318.4,26,7193,940,2045,56.4,632,1189,65.2,308,856,44.2,488,685,87.5,351,883,1234,497,231,126,497,680,2400
UT Arlington Mavericks,13,13,9,8,2233.1,26,6412,831,2034,50.1,542,1226,54.2,288,809,43.8,401,545,90.3,371,817,1188,433,263,148,362,533,2351
Texas A&M Aggies,8,10,2,8,1423.6,18,4139,493,1185,51.0,350,707,60.7,144,479,36.8,290,400,88.8,244,496,740,267,151,42,324,373,1420
Texas-Permian Basin Falcons,0,2,0,0,198.7,2,491,71,180,48.5,48,110,53.1,23,70,40.9,21,26,99.4,36,65,101,33,22,6,43,47,187
Texas Southern Tigers,16,8,10,3,2273.1,24,6537,918,1996,56.4,783,1504,63.8,135,492,33.6,523,758,84.5,364,859,1223,379,227,167,483,612,2202
Texas State Bobcats,18,7,12,3,1944.3,25,6210,772,1667,56.8,601,1218,60.5,171,449,46.6,323,456,86.7,285,723,1007,406,210,90,373,517,2037
Texas Tech Red Raiders,17,10,9,8,2198.5,27,6675,842,1901,54.4,636,1304,59.8,206,596,42.5,530,746,87.2,388,774,1162,429,240,135,350,575,2420
UAB Blazers,22,7,13,5,2369.6,29,6604,967,2141,55.5,787,1558,62.0,180,583,37.9,469,674,85.4,382,923,1304,369,272,144,339,540,2583
UC Davis Aggies,10,8,7,5,1549.5,18,4498,551,1252,54.0,426,865,60.4,125,387,39.8,362,461,96.3,198,503,701,239,166,61,309,440,1589
UCF Knights,11,12,8,10,1862.9,23,5669,665,1550,52.6,444,928,58.8,221,622,43.6,346,475,89.4,265,674,939,350,193,97,383,475,1897
UC Irvine Anteaters,18,9,12,4,2256.1,27,6652,892,1977,55.3,733,1497,60.0,160,480,40.7,439,587,91.9,379,940,1319,396,249,135,409,540,2393
UCLA Bruins,17,9,13,6,2095.4,26,6064,842,1823,56.7,629,1245,62.0,212,578,45.0,428,594,88.5,321,805,1126,433,162,85,348,510,2324
Connecticut Huskies,15,7,11,6,1755.5,22,5421,713,1623,53.9,531,1083,60.1,182,540,41.2,351,480,89.7,357,672,1029,352,167,142,302,509,1958
UC Riverside Highlanders,14,8,9,5,1794.5,22,5461,702,1572,54.8,455,904,61.7,247,667,45.3,244,346,86.6,228,747,975,378,144,63,302,471,1894
California-San Diego Tritons,7,10,4,8,1470.6,17,4204,548,1194,56.3,318,580,67.2,231,614,46.1,162,254,78.3,121,490,611,361,142,45,272,285,1490
Kentucky Wildcats,9,16,8,9,2102.0,25,5946,755,1811,51.2,558,1228,55.8,196,583,41.3,455,625,89.4,368,799,1167,383,193,182,412,555,2161
Massachusetts Minutemen,8,7,6,4,1328.0,15,3775,483,1129,52.5,321,632,62.5,162,497,40.0,283,387,89.9,167,467,634,276,136,75,218,320,1412
UMBC Retrievers,14,6,10,4,1645.3,20,4907,593,1348,53.9,422,848,61.1,171,501,41.8,351,493,87.2,215,681,896,269,125,43,313,412,1707
Kansas City Roos,11,13,7,7,1818.4,23,5692,740,1507,60.2,569,1032,67.7,171,475,44.0,294,447,80.9,204,638,842,398,221,56,328,620,1945
UNLV Runnin' Rebels,12,15,8,10,2169.4,27,6375,866,1945,54.6,590,1163,62.2,276,782,43.3,292,412,86.9,342,843,1185,431,212,94,401,599,2301
USC Trojans,22,7,15,5,2380.6,29,7234,967,2070,57.3,742,1425,63.9,225,645,42.7,502,775,79.4,437,967,1404,486,172,185,432,551,2660
UC Santa Barbara Gauchos,22,4,15,3,2113.9,26,6405,871,1820,58.8,655,1196,67.2,216,623,42.5,455,610,91.5,307,818,1125,517,240,91,323,496,2441
US Merchant Marine Academy Mariners,0,1,0,0,84.0,1,245,13,67,24.5,11,40,33.5,3,27,11.2,12,17,70.1,12,27,37,8,8,2,20,11,39
Utah Runnin' Utes,12,13,8,11,2051.2,25,6182,805,1715,57.5,594,1121,65.0,211,594,43.6,391,494,97.2,227,733,960,464,167,104,367,514,2212
Utah State Aggies,20,8,15,4,2345.4,28,6868,921,2064,54.7,699,1402,61.2,222,661,41.2,453,623,89.1,429,966,1395,558,233,167,447,519,2518
Utah Valley Wolverines,11,11,9,4,1939.0,22,5425,726,1529,58.3,584,1118,64.2,142,411,42.5,407,645,77.4,294,753,1048,454,141,124,395,529,2002
UTEP Miners,12,12,8,8,2018.0,24,5866,750,1762,52.1,537,1117,59.0,212,645,40.4,382,510,91.8,264,752,1016,348,183,82,314,517,2083
Texas-Rio Grande Valley Vaqueros,9,10,2,5,1722.5,19,4418,584,1428,50.2,429,902,58.4,155,526,36.1,366,574,78.2,315,596,912,355,207,99,335,501,1688
UTSA Roadrunners,15,11,9,7,2297.6,26,6368,942,2107,54.8,686,1340,62.8,256,767,41.0,374,492,93.4,369,859,1228,470,198,102,366,583,2515
Valparaiso Brown and Gold,10,18,7,11,2290.5,28,6904,810,1934,51.4,578,1155,61.5,232,779,36.6,383,526,89.2,254,875,1129,437,225,119,402,545,2234
VMI Keydets,13,12,7,7,2164.0,25,5950,866,1861,57.1,535,989,66.4,331,872,46.6,391,507,94.7,250,923,1173,471,158,92,345,447,2455
Vanguard Lions,0,1,0,0,89.5,1,244,31,65,57.9,21,42,61.4,12,23,51.7,11,17,61.4,5,27,31,15,11,3,15,18,80
Vanderbilt Commodores,9,16,3,13,2079.4,25,6129,747,1737,52.8,461,919,61.6,286,818,42.8,421,572,90.3,304,730,1034,390,215,80,410,541,2201
VA Wesleyan Blue Marlins,0,1,0,0,79.0,1,0,23,77,37.1,11,34,39.4,12,43,35.1,11,21,64.9,12,25,37,0,0,0,0,25,70
VCU Rams,19,6,10,4,2162.6,26,6407,809,1791,55.3,602,1166,63.4,206,626,40.4,464,610,93.4,294,791,1086,426,294,172,450,594,2287
Vermont Catamounts,10,5,10,4,1209.7,15,3745,470,1016,56.8,328,602,66.7,142,413,42.2,261,335,95.7,155,488,643,259,92,48,216,326,1344
Villanova Wildcats,16,6,11,4,1753.3,22,5175,713,1587,55.1,464,880,64.7,249,707,43.2,364,476,93.9,259,667,926,412,144,39,228,418,2039
Virginia Cavaliers,18,6,13,4,1748.0,24,5660,746,1555,58.9,496,898,67.7,250,656,46.7,279,341,100.2,193,742,935,412,146,128,253,380,2021
Virginia Tech Hokies,15,6,9,4,1681.5,21,5211,656,1453,55.5,444,858,63.6,212,595,43.8,336,482,85.5,243,661,904,372,123,102,285,415,1859
Wagner Seahawks,13,7,13,5,1621.0,20,5000,654,1479,54.2,510,1027,61.0,144,452,39.0,297,413,88.1,303,572,875,317,180,63,293,497,1748
Wake Forest Demon Deacons,6,16,3,15,1788.6,22,5425,615,1498,50.3,375,810,56.9,239,688,42.7,320,440,89.2,243,638,881,309,167,59,358,448,1789
Washington Huskies,5,21,4,16,2215.4,26,6131,788,1858,52.0,546,1130,59.3,242,728,40.7,344,487,86.5,261,734,995,342,194,117,429,580,2158
Washington State Cougars,14,13,7,12,2317.6,27,6951,789,1928,50.2,528,1158,56.0,261,769,41.7,466,658,87.0,373,888,1261,418,207,117,488,618,2274
Milwaukee Panthers,10,12,7,10,1919.4,22,5517,721,1654,53.5,526,1060,61.0,195,594,40.4,401,548,89.8,244,701,945,350,164,58,292,497,2039
Western Carolina Catamounts,11,16,4,13,2387.9,27,6775,879,1935,55.7,602,1124,65.8,276,811,41.7,469,644,89.3,259,880,1139,439,164,92,460,558,2502
Webber International Warriors,0,1,0,0,93.1,1,244,18,69,32.9,15,50,36.0,5,18,24.5,9,11,105.2,12,20,32,11,11,2,33,22,48
Weber State Wildcats,17,6,12,3,1993.5,23,5641,805,1595,62.0,568,987,70.7,237,609,47.7,461,587,96.6,182,744,925,423,189,85,352,460,2308
Westmont Warriors,0,2,0,0,185.8,2,492,60,163,45.2,40,82,60.5,20,81,29.7,36,53,82.7,28,50,79,33,11,5,28,48,175
Whitworth Pirates,0,1,0,0,93.1,1,254,37,80,56.7,31,53,71.3,8,27,27.9,6,12,61.4,9,23,31,20,12,3,20,26,82
Wichita State Shockers,16,5,11,2,1739.0,21,5206,631,1547,50.1,416,919,55.6,215,628,42.0,389,564,84.5,309,670,979,342,157,92,280,404,1865
William Carey Crusaders,0,2,0,0,169.8,2,492,59,137,52.6,40,74,67.5,18,64,35.3,11,15,92.0,22,54,76,29,17,6,48,45,147
William Jewell Cardinals,0,1,0,0,87.9,1,245,28,71,48.7,17,40,52.0,11,31,44.2,11,18,73.6,12,23,36,12,8,3,22,22,79
Western Illinois Leathernecks,7,15,5,9,1937.6,22,5407,675,1672,49.6,482,1063,55.7,193,610,38.8,431,601,87.9,317,712,1028,276,144,82,336,546,1971
Wingate Bulldogs,0,1,0,0,95.5,1,245,23,77,37.1,16,48,40.9,9,29,30.7,17,25,85.9,9,27,34,9,11,2,15,32,71
Winthrop Eagles,23,1,17,1,2096.0,24,5886,827,1796,56.4,578,1091,65.0,249,706,43.3,439,640,84.2,384,801,1185,443,228,70,402,535,2342
Wisconsin Badgers,17,12,10,10,2302.6,29,7210,872,2082,51.4,568,1236,56.4,304,847,44.0,428,558,94.1,296,898,1194,475,210,136,307,579,2477
William Jessup Warriors,0,5,0,0,436.4,5,1227,135,355,46.7,91,189,59.0,44,166,32.8,53,82,78.8,58,135,193,70,34,11,96,141,367
Western Kentucky Hilltoppers,20,7,11,3,2266.6,27,6433,840,1855,55.6,631,1247,62.1,210,609,42.3,531,672,96.9,347,909,1256,440,218,148,463,470,2422
William & Mary Tribe,7,10,4,6,1371.9,17,4193,476,1163,50.2,356,744,58.8,120,420,35.2,279,372,91.9,209,496,704,225,110,69,272,325,1351
Western Michigan Broncos,5,16,4,12,1721.4,21,5150,612,1415,53.1,439,891,60.5,173,524,40.5,228,357,78.4,205,672,877,301,114,52,363,425,1626
Montana-Western Bulldogs,0,1,0,0,87.3,1,245,27,67,49.1,15,27,66.9,12,40,37.2,16,22,88.6,6,28,33,15,3,6,15,22,82
West New Mexico  Mustangs,0,1,0,0,86.5,1,272,21,58,44.4,16,42,46.9,6,16,37.8,15,18,98.2,5,26,29,11,11,2,23,33,50
Wofford Terriers,15,9,12,5,1959.9,24,5918,793,1686,57.7,491,837,72.0,302,849,43.6,302,428,86.5,265,755,1020,431,196,60,363,466,2189
Warner Pacific College Knights,0,3,0,0,271.8,3,801,93,249,45.9,80,180,54.2,13,69,24.0,44,56,96.1,20,86,106,28,21,3,31,74,225
Wright State Raiders,18,6,16,4,2117.6,24,6167,887,1860,58.5,652,1214,65.9,236,647,44.7,452,623,88.8,350,897,1247,470,180,107,385,425,2414
Washburn Ichabods,0,1,0,0,83.6,1,243,25,74,40.9,13,42,39.8,11,32,42.5,8,17,43.8,12,21,31,15,12,3,15,20,66
Westminster (UT) Griffins,0,3,0,0,271.2,3,723,82,198,51.0,53,113,57.3,29,85,42.7,55,77,87.6,22,101,123,44,18,3,61,82,249
West Virginia Mountaineers,18,9,11,6,2321.4,27,6476,872,2037,52.5,632,1363,56.9,240,674,43.8,575,802,88.0,448,815,1263,456,248,94,385,542,2561
West Virginia Tech Golden Bears,1,1,0,0,171.4,2,488,55,115,58.8,29,61,58.9,26,54,58.5,34,49,85.9,17,53,70,33,16,11,54,44,171
Wyoming Cowboys,14,11,7,9,2137.7,25,6191,796,1769,55.2,488,906,66.1,308,864,43.8,449,625,88.2,249,752,1001,431,178,66,333,574,2350
Xavier Musketeers,13,8,6,7,1776.3,21,5207,724,1578,56.3,525,967,66.6,199,611,39.9,283,409,85.2,245,726,972,453,178,104,283,399,1928
Yellowstone Christian College Centurions,0,3,0,0,289.5,3,734,70,232,37.1,39,131,36.7,31,101,37.4,26,40,78.0,22,54,76,31,28,3,65,67,196
Youngstown State Penguins,15,12,9,11,2353.1,27,7037,929,2191,52.0,685,1395,60.2,244,796,37.7,531,721,90.3,423,789,1212,460,220,55,406,563,2466
